1.245276
0.400489
0.147676
0.058229
0.011328
0.013269
0.000000
0.000000
0.001323
0.005149
0.011089
0.006105
0.000000
0.006836
0.004953
0.000000
0.000000
0.000999
0.000000
0.037632
0.000350
0.002353
0.000000
0.003852
0.002543
0.003349
0.002618
0.000000
0.003543
0.000000
0.002581
0.003957
0.000677
0.007210
0.038452
0.001696
0.000000
0.000000
0.008641
0.003008
0.000000
0.001402
0.000000
0.035472
0.000064
0.000000
0.035697
0.000000
0.005944
0.004616
0.006636
0.000000
0.000000
0.003739
0.003014
0.002658
0.009444
0.000000
0.002496
0.007808
0.000000
0.000000
0.000000
0.000000
0.003248
0.000000
0.009958
0.004110
0.001402
0.004101
0.000000
0.031531
0.004556
0.000000
0.002938
0.000000
0.001258
0.004917
0.001243
0.002955
0.000000
0.001909
0.036584
0.000000
0.001595
0.003847
0.002024
0.000000
0.001114
0.000000
0.000000
0.038258
0.000000
0.002167
0.000000
0.000000
0.008912
0.000673
0.037451
0.035731
0.000000
0.000000
0.002818
0.035316
0.000000
0.006542
0.000000
0.002229
0.008620
0.003676
0.000000
0.010661
0.000000
0.000000
0.000000
0.000000
0.000000
0.000000
0.000000
0.008544
0.000000
0.000000
0.000000
0.006154
0.000000
0.000000
0.001554
0.003849
0.000000
0.003373
0.000000
0.000000
0.000000
0.001434
0.001084
0.006322
0.001338
0.000000
0.000711
0.005800
0.001284
0.002327
0.000000
0.002402
0.000000
0.003338
0.008476
0.003967
0.004443
0.000333
0.037122
0.008824
0.002956
0.000000
0.001970
0.000000
0.000000
0.009552
0.000000
0.001823
0.004335
0.000000
0.009765
0.000000
0.000849
0.000000
0.000000
0.008644
0.000000
0.000657
0.000000
0.000000
0.001197
0.000000
0.000373
0.000000
0.001461
0.001623
0.000000
0.007793
0.000000
0.001152
0.001269
0.000000
0.005963
0.000000
0.000722
0.000000
0.000000
0.010143
0.000000
0.001026
0.000000
0.000000
0.006878
0.000000
0.008426
0.000000
0.000000
0.009413
0.000000
0.006388
0.036227
0.001629
0.000000
0.000000
0.000000
0.000000
0.000000
0.000623
0.004228
0.000000
0.000000
0.003817
0.004510
0.003376
0.002502
0.000000
0.010062
0.000000
0.038676
0.001528
0.006486
0.007761
0.000000
0.001090
0.003244
0.000000
0.008255
0.000000
0.000000
0.003239
0.000000
0.003921
0.003972
0.002767
0.000739
0.001683
0.000883
0.006598
0.000000
0.000170
0.002426
0.000000
0.008348
0.000000
0.000311
0.001819
0.000000
0.007089
0.000000
0.001794
0.000000
0.000000
0.000000
0.000000
0.001095
0.001728
0.007612
0.001472
0.008311
0.038781
0.000000
0.000904
0.001818
0.008515
0.000000
0.008231
0.000000
0.002682
0.008180
0.003513
0.005941
0.002018
0.000000
0.000000
0.001702
0.000000
0.000000
0.001192
0.008400
0.002009
0.007856
0.000848
0.002690
0.008576
0.002203
0.007693
0.002339
0.004138
0.000987
0.001619
0.007421
0.004064
0.002857
0.000000
0.002236
0.000000
0.000000
0.000000
0.000000
0.010187
0.002140
0.000000
0.002242
0.000000
0.000000
0.010262
0.000000
0.037233
0.000000
0.000000
0.003948
0.004714
0.001544
0.036427
0.000000
0.009367
0.004383
0.001151
0.000000
0.000000
0.000000
0.003414
0.001455
0.000000
0.001460
0.007004
0.004302
0.000000
0.000000
0.002123
0.000000
0.009322
0.000000
0.001019
0.001547
0.000000
0.006936
0.001542
0.004779
0.000000
0.002130
0.000000
0.000000
0.002412
0.006294
0.000000
0.000000
0.002559
0.005746
0.000000
0.001657
0.002493
0.000000
0.038682
0.002673
0.009030
0.002889
0.001342
0.001936
0.000000
0.004544
0.002961
0.001829
0.000000
0.000000
0.002621
0.005158
0.008998
0.001999
0.000000
0.009044
0.000000
0.000461
0.002647
0.000000
0.008971
0.002552
0.000000
0.002791
0.002596
0.008647
0.000000
0.007624
0.000000
0.000000
0.000000
0.000000
0.000000
0.001573
0.001630
0.000000
0.007318
0.000000
0.033271
0.001630
0.003119
0.010059
0.002717
0.001860
0.002261
0.000000
0.008279
0.002919
0.000000
0.007575
0.000000
0.007715
0.000648
0.000000
0.007945
0.001480
0.007503
0.000000
0.003592
0.000328
0.002548
0.000000
0.038952
0.001223
0.000000
0.007899
0.000000
0.000000
0.038532
0.001405
0.000000
0.002261
0.035210
0.002729
0.001520
0.000000
0.006270
0.000000
0.000000
0.000000
0.000000
0.036979
0.000000
0.007820
0.035408
0.000000
0.006483
0.000839
0.000000
0.007578
0.001199
0.000000
0.000000
0.000898
0.000000
0.000000
0.006579
0.003943
0.004023
0.000000
0.000957
0.004514
0.002415
0.000000
0.001082
0.000000
0.000000
0.010112
0.000000
0.002547
0.000000
0.002713
0.002936
0.000922
0.000000
0.001619
0.001528
0.000000
0.008335
0.000000
0.002081
0.000000
0.001097
0.000000
0.000000
0.000000
0.002450
0.003985
0.000000
0.038346
0.000000
0.006676
0.009607
0.002240
0.001173
0.008169
0.000000
0.007496
0.038602
0.000000
0.038458
0.004375
0.000000
0.004612
0.000000
0.000000
0.000000
0.004331
0.003207
0.001864
0.000000
0.006371
0.003501
0.002947
0.036390
0.008588
0.004803
0.005687
0.001442
0.001991
0.000000
0.003303
0.003026
0.000000
0.000991
0.003338
0.000000
0.000000
0.000000
0.003991
0.004981
0.000957
0.002093
0.000000
0.000000
0.000000
0.000000
0.001768
0.004487
0.013073
0.000000
0.000000
0.004650
0.000000
0.006359
0.000000
0.002151
0.002046
0.000000
0.003033
0.000000
0.000000
0.000000
0.000000
0.007637
0.000000
0.038996
0.000000
0.000000
0.007678
0.000000
0.000000
0.000732
0.002676
0.008790
0.000000
0.002723
0.002316
0.001577
0.000000
0.037869
0.009683
0.000000
0.007459
0.002580
0.000820
0.002489
0.000000
0.001947
0.003089
0.000000
0.009400
0.038166
0.000000
0.000854
0.002762
0.006740
0.000904
0.005041
0.001122
0.037410
0.000000
0.008274
0.000968
0.000995
0.000000
0.038872
0.010780
0.000000
0.000314
0.000867
0.006725
0.000424
0.000000
0.000754
0.004205
0.000576
0.001900
0.000000
0.002051
0.001376
0.001066
0.000000
0.003679
0.000333
0.005084
0.000000
0.007541
0.000000
0.011992
0.000986
0.000000
0.003313
0.000000
0.001773
0.001116
0.007165
0.001345
0.006638
0.003673
0.004634
0.001017
0.001097
0.000000
0.004393
0.002263
0.000000
0.000000
0.008458
0.000000
0.001423
0.000000
0.031697
0.008596
0.000000
0.007505
0.000000
0.000000
0.009015
0.034145
0.000000
0.003443
0.003737
0.007534
0.000602
0.000000
0.035949
0.004175
0.004304
0.009883
0.003378
0.001511
0.000000
0.002013
0.000000
0.001174
0.002320
0.006304
0.002544
0.007424
0.000800
0.000000
0.001459
0.003293
0.003812
0.002989
0.000000
0.001912
0.000000
0.000000
0.010920
0.003197
0.002103
0.000000
0.004061
0.001845
0.000331
0.002725
0.008966
0.003750
0.004960
0.002109
0.008608
0.005006
0.006038
0.001988
0.001672
0.001981
0.000000
0.000000
0.001723
0.000000
0.000000
0.000000
0.000000
0.003012
0.000000
0.002184
0.003682
0.002180
0.003431
0.000000
0.000000
0.000000
0.001318
0.000000
0.002184
0.002337
0.003852
0.000000
0.000000
0.000698
0.000000
0.000000
0.000000
0.008047
0.000653
0.000000
0.002397
0.000000
0.005031
0.002105
0.003101
0.006764
0.000000
0.001247
0.001494
0.004450
0.000000
0.000000
0.038083
0.000000
0.000000
0.006343
0.004995
0.000000
0.009393
0.000000
0.000000
0.000000
0.000225
0.005196
0.005682
0.001588
0.002532
0.038303
0.000000
0.002639
0.004362
0.000000
0.003909
0.000000
0.000000
0.002152
0.010998
0.003731
0.000171
0.001779
0.000000
0.003538
0.000000
0.000000
0.002959
0.000000
0.002573
0.001770
0.000000
0.000000
0.000000
0.000023
0.000596
0.038814
0.000572
0.001245
0.001237
0.001382
0.000330
0.000683
0.002373
0.001491
0.000590
0.000096
0.038964
0.000000
0.000000
0.000000
0.001369
0.039001
0.001929
0.038905
0.000000
0.000643
0.038921
0.001652
0.002032
0.002432
0.000000
0.004319
0.000000
0.001864
0.000326
0.000000
0.000259
0.000401
0.000000
0.000635
0.000782
0.038703
0.000000
0.005066
0.031120
0.000607
0.000000
0.001498
0.001077
0.000000
0.000812
0.000870
0.000539
0.037855
0.038471
0.038121
0.037629
0.038011
0.037830
0.037549
0.000000
0.037856
0.000000
0.000000
0.002268
0.000000
0.039042
0.035075
0.005320
0.001583
0.001134
0.000000
0.002027
0.000547
0.000378
0.000944
0.003954
0.004336
0.001073
0.000000
0.002562
0.002723
0.001171
0.000000
0.000198
0.039018
0.039003
0.001246
0.002090
0.002950
0.001857
0.001361
0.001414
0.002993
0.003034
0.002745
0.001234
0.000749
0.002589
0.004250
0.001682
0.000579
0.001200
0.035607
0.033312
0.000989
0.000604
0.000678
0.038970
0.000000
0.000000
0.038810
0.000097
0.001923
0.035338
0.000000
0.000000
0.004954
0.000730
0.005088
0.000000
0.000000
0.005658
0.000632
0.005351
0.003049
0.001394
0.000110
0.001484
0.000417
0.001032
0.001484
0.003557
0.000000
0.003111
0.001129
0.000000
0.000342
0.000523
0.001686
0.001717
0.000443
0.000000
0.000113
0.000000
0.000277
0.000116
0.000000
0.000000
0.000626
0.000689
0.038724
0.000336
0.038891
0.038983
0.000135
0.000128
0.033243
0.000395
0.038943
0.000000
0.000000
0.038885
0.001041
0.000000
0.000398
0.000126
0.000459
0.039037
0.000339
0.000000
0.000000
0.000385
0.000000
0.000280
0.038810
0.000000
0.000384
0.000291
0.000054
0.000428
0.000113
0.000113
0.038966
0.000000
0.000569
0.000698
0.038749
0.038226
0.000000
0.000000
0.037749
0.037863
0.037215
0.037740
0.000000
0.037657
0.000000
0.035445
0.037671
0.037999
0.037377
0.037392
0.037592
0.000000
0.000000
0.000000
0.000000
0.001710
0.000477
0.038981
0.038159
0.038522
0.000297
0.038722
0.037664
0.038431
0.037503
0.037650
0.037642
0.000000
0.036845
0.038751
0.000000
0.038720
0.038082
0.037977
