Частота (Гц), Фаза (градусы)
0.05, 97.46
0.10, 17.53
0.15, -100.48
0.20, -153.30
0.25, 123.15
0.30, 72.88
0.35, 92.43
0.40, -64.77
0.45, 160.31
0.50, -52.30
0.55, 76.65
0.60, 93.20
0.65, -130.04
0.70, 159.48
0.75, -54.24
0.80, -10.60
0.85, 124.00
0.90, 20.14
0.95, 174.70
1.00, -129.47
1.05, -164.61
1.10, 145.75
1.15, -86.03
1.20, -154.61
1.25, 167.40
1.30, -72.94
1.35, -9.45
1.40, 91.21
1.45, -108.79
1.50, 110.40
1.55, -65.40
1.60, -88.32
1.65, -145.24
1.70, -146.94
1.75, 87.23
1.80, 41.63
1.85, 89.11
1.90, -120.72
1.95, -154.56
2.00, 64.73
2.05, 27.81
2.10, -27.29
2.15, -123.12
2.20, -89.15
2.25, -82.97
2.30, 120.33
2.35, 159.65
2.40, -21.28
2.45, -81.98
2.50, 112.30
2.55, 144.97
2.60, 66.01
2.65, 7.54
2.70, 69.85
2.75, -20.62
2.80, -70.25
2.85, 11.89
2.90, 155.03
2.95, 170.56
3.00, 56.26
3.05, -92.04
3.10, -165.93
3.15, 158.47
3.20, 130.65
3.25, 166.19
3.30, -79.99
3.35, 109.05
3.40, -178.14
3.45, -101.10
3.50, 151.47
3.55, 87.94
3.60, -152.79
3.65, 39.84
3.70, -58.28
3.75, 159.96
3.80, 171.14
3.85, 118.07
3.90, 106.59
3.95, -50.94
4.00, -18.13
4.05, -56.93
4.10, -152.87
4.15, 131.12
4.20, -8.84
4.25, 50.62
4.30, 39.54
4.35, 39.56
4.40, 57.39
4.45, -159.00
4.50, 127.80
4.55, -167.59
4.60, -150.11
4.65, 179.95
4.70, -75.30
4.75, -93.94
4.80, -121.47
4.85, -134.84
4.90, 57.15
4.95, -30.00
5.00, 64.84
5.05, 125.64
5.10, 95.59
5.15, 136.85
5.20, 128.24
5.25, 70.59
5.30, -77.52
5.35, -49.38
5.40, -85.05
5.45, -92.83
5.50, 154.35
5.55, 157.16
5.60, 106.60
5.65, 120.98
5.70, 59.47
5.75, 123.98
5.80, -59.04
5.85, -40.78
5.90, -75.36
5.95, 155.24
6.00, -156.56
6.05, 64.08
6.10, -166.57
6.15, -163.77
6.20, -4.05
6.25, 45.94
6.30, 27.89
6.35, 30.73
6.40, 52.45
6.45, -36.42
6.50, -78.39
6.55, -179.34
6.60, -145.38
6.65, -143.22
6.70, -76.63
6.75, 117.30
6.80, 120.95
6.85, 115.62
6.90, -60.64
6.95, -106.64
7.00, -176.06
7.05, -76.91
7.10, -27.70
7.15, -55.13
7.20, -13.29
7.25, 27.86
7.30, -134.91
7.35, 80.22
7.40, 116.83
7.45, 97.17
7.50, 77.84
7.55, -28.12
7.60, -75.71
7.65, -135.33
7.70, -163.76
7.75, -117.37
7.80, -170.84
7.85, -173.52
7.90, 78.04
7.95, 98.01
8.00, -60.92
8.05, 89.44
8.10, -159.77
8.15, 48.38
8.20, 80.19
8.25, -85.15
8.30, -109.58
8.35, -144.22
8.40, -105.53
8.45, 132.42
8.50, 84.48
8.55, 121.42
8.60, 155.31
8.65, -164.83
8.70, 169.27
8.75, 175.76
8.80, 128.71
8.85, 45.56
8.90, 58.10
8.95, 12.36
9.00, 17.72
9.05, 79.04
9.10, 159.17
9.15, 83.61
9.20, 0.87
9.25, -106.77
9.30, 47.37
9.35, -167.23
9.40, 23.09
9.45, -106.52
9.50, -125.61
9.55, -27.27
9.60, -168.00
9.65, -127.46
9.70, -61.68
9.75, 115.05
9.80, 82.58
9.85, -145.72
9.90, -121.01
9.95, 9.34
10.00, 150.04
10.05, 46.88
10.10, -80.04
10.15, -82.28
10.20, -161.47
10.25, -169.67
10.30, -119.50
10.35, -143.07
10.40, -135.98
10.45, -145.36
10.50, -102.74
10.55, -122.94
10.60, -142.07
10.65, -10.70
10.70, 133.19
10.75, -117.98
10.80, -86.81
10.85, -74.29
10.90, -57.17
10.95, -71.59
11.00, 94.91
11.05, 67.46
11.10, 112.50
11.15, 144.50
11.20, 147.04
11.25, -140.72
11.30, 133.16
11.35, -131.19
11.40, -74.82
11.45, 31.59
11.50, 147.32
11.55, -164.61
11.60, 14.83
11.65, -5.13
11.70, -153.81
11.75, 170.02
11.80, -173.77
11.85, 46.28
11.90, 101.56
11.95, 39.06
12.00, -143.51
12.05, 139.48
12.10, 153.19
12.15, -72.75
12.20, 134.37
12.25, 59.74
12.30, 169.16
12.35, 15.68
12.40, 23.62
12.45, -61.69
12.50, 124.13
12.55, -174.36
12.60, 72.36
12.65, 70.92
12.70, -157.70
12.75, -169.10
12.80, -124.99
12.85, -162.79
12.90, -170.51
12.95, 145.95
13.00, -31.30
13.05, 36.28
13.10, -20.94
13.15, 99.74
13.20, 153.56
13.25, -155.56
13.30, -10.21
13.35, -30.48
13.40, -10.19
13.45, 163.99
13.50, -169.69
13.55, 109.52
13.60, 146.16
13.65, -178.61
13.70, -163.04
13.75, -150.78
13.80, -82.23
13.85, -44.99
13.90, -75.62
13.95, 15.82
14.00, -175.39
14.05, -15.71
14.10, -74.58
14.15, -156.86
14.20, -64.84
14.25, -34.97
14.30, -107.86
14.35, 7.83
14.40, 99.81
14.45, 122.09
14.50, -124.87
14.55, -105.07
14.60, -9.98
14.65, -112.30
14.70, -28.52
14.75, 98.01
14.80, 111.52
14.85, 179.62
14.90, 141.47
14.95, -124.41
15.00, 30.96
15.05, -1.01
15.10, 34.78
15.15, 95.33
15.20, -177.01
15.25, -178.27
15.30, -152.34
15.35, -143.03
15.40, -71.67
15.45, -17.88
15.50, -140.10
15.55, 122.25
15.60, 141.34
15.65, -71.79
15.70, 78.73
15.75, -84.09
15.80, -85.23
15.85, 107.57
15.90, 60.56
15.95, 118.07
16.00, 93.88
16.05, -160.38
16.10, 126.81
16.15, -132.87
16.20, -51.21
16.25, -158.73
16.30, -43.87
16.35, 139.03
16.40, 156.86
16.45, -50.50
16.50, -72.72
16.55, 29.72
16.60, 11.47
16.65, 76.52
16.70, 42.91
16.75, -66.29
16.80, -148.86
16.85, -37.75
16.90, 111.66
16.95, -172.91
17.00, 47.87
17.05, -172.22
17.10, -62.98
17.15, 78.44
17.20, 45.41
17.25, -74.29
17.30, -19.88
17.35, -49.98
17.40, -132.53
17.45, 162.64
17.50, 73.79
17.55, -128.15
17.60, 143.51
17.65, -120.15
17.70, 20.92
17.75, 99.92
17.80, 37.94
17.85, -53.40
17.90, 134.16
17.95, 99.41
18.00, 103.85
18.05, 100.53
18.10, -167.22
18.15, 125.13
18.20, -137.64
18.25, -51.97
18.30, 109.44
18.35, 157.52
18.40, 143.10
18.45, -118.90
18.50, 45.89
18.55, -89.81
18.60, -133.82
18.65, -159.70
18.70, -86.14
18.75, 139.18
18.80, 109.92
18.85, -82.19
18.90, 171.23
18.95, 117.54
19.00, -155.85
19.05, -35.21
19.10, 170.42
19.15, -126.81
19.20, -126.57
19.25, -146.79
19.30, 175.38
19.35, 85.27
19.40, 4.39
19.45, -113.18
19.50, -23.85
19.55, 174.30
19.60, -95.52
19.65, -89.50
19.70, 85.72
19.75, 172.20
19.80, -99.67
19.85, 39.21
19.90, -123.19
19.95, 89.57
20.00, -17.68
20.05, 21.38
20.10, 175.83
20.15, -163.81
20.20, -88.01
20.25, 122.67
20.30, 157.50
20.35, -144.05
20.40, -174.03
20.45, -106.41
20.50, -33.33
20.55, -114.02
20.60, -47.51
20.65, 115.77
20.70, -32.94
20.75, 33.66
20.80, -88.40
20.85, -96.54
20.90, 24.45
20.95, -58.22
21.00, 80.21
21.05, -27.08
21.10, -35.33
21.15, 7.04
21.20, -121.12
21.25, 23.62
21.30, -167.40
21.35, 111.57
21.40, 30.54
21.45, 136.83
21.50, -74.08
21.55, -36.25
21.60, 103.48
21.65, -96.81
21.70, -128.62
21.75, 116.11
21.80, -73.59
21.85, -81.33
21.90, 78.70
21.95, 58.44
22.00, -28.01
22.05, -88.76
22.10, 145.20
22.15, -35.51
22.20, 123.00
22.25, -138.47
22.30, -68.45
22.35, 146.82
22.40, -38.86
22.45, -27.30
22.50, 68.91
22.55, 158.58
22.60, -62.31
22.65, 0.77
22.70, -71.77
22.75, -144.12
22.80, 81.18
22.85, 176.37
22.90, 16.92
22.95, 118.82
23.00, -177.90
23.05, -41.00
23.10, 57.36
23.15, -16.28
23.20, -38.48
23.25, 97.54
23.30, -168.46
23.35, -5.44
23.40, -116.89
23.45, -173.49
23.50, 37.62
23.55, -168.83
23.60, -51.20
23.65, -159.53
23.70, 67.61
23.75, -141.03
23.80, 143.57
23.85, 162.25
23.90, -28.16
23.95, -118.45
24.00, -11.36
24.05, -166.74
24.10, -130.47
24.15, 150.85
24.20, -74.96
24.25, 137.09
24.30, -46.43
24.35, -56.45
24.40, 26.99
24.45, 83.37
24.50, 73.48
24.55, -19.17
24.60, -34.65
24.65, -147.83
24.70, 122.70
24.75, 49.02
24.80, -69.95
24.85, -18.23
24.90, 151.37
24.95, 151.13
25.00, -4.97
25.05, -149.60
25.10, 48.64
25.15, -91.96
25.20, 171.11
25.25, 77.45
25.30, -140.32
25.35, -52.61
25.40, 4.54
25.45, 75.33
25.50, 173.14
25.55, 174.05
25.60, 20.06
25.65, -79.28
25.70, 165.44
25.75, 153.53
25.80, -82.07
25.85, -85.39
25.90, 83.54
25.95, -147.15
26.00, 156.61
26.05, -114.34
26.10, 135.50
26.15, -47.99
26.20, 70.59
26.25, -171.66
26.30, 179.23
26.35, -92.07
26.40, 171.49
26.45, -121.31
26.50, 93.00
26.55, -163.41
26.60, -72.16
26.65, -102.41
26.70, -65.32
26.75, -146.53
26.80, -125.58
26.85, 97.69
26.90, -13.40
26.95, 36.14
27.00, -130.76
27.05, -133.54
27.10, 25.25
27.15, -28.36
27.20, -26.31
27.25, -39.57
27.30, -119.28
27.35, -174.66
27.40, -102.91
27.45, -107.08
27.50, -63.63
27.55, -164.51
27.60, -156.09
27.65, -17.71
27.70, 124.36
27.75, -107.18
27.80, -91.47
27.85, 8.26
27.90, 24.35
27.95, 27.50
28.00, -58.09
28.05, -148.74
28.10, 179.32
28.15, 82.99
28.20, -143.47
28.25, 112.95
28.30, 21.59
28.35, -14.86
28.40, -114.77
28.45, 29.96
28.50, -71.10
28.55, 27.87
28.60, -120.56
28.65, -148.06
28.70, 128.82
28.75, 5.36
28.80, -30.50
28.85, -163.89
28.90, -113.75
28.95, -169.40
29.00, 84.99
29.05, -143.27
29.10, 102.45
29.15, 147.57
29.20, 168.57
29.25, 29.78
29.30, 36.31
29.35, -54.07
29.40, -53.60
29.45, 100.65
29.50, -178.46
29.55, -158.36
29.60, 78.19
29.65, -155.70
29.70, 47.25
29.75, -90.41
29.80, 38.30
29.85, -142.20
29.90, 35.02
29.95, -86.68
30.00, 66.64
30.05, -9.84
30.10, -155.76
30.15, -51.97
30.20, 133.03
30.25, -135.15
30.30, 177.00
30.35, -131.77
30.40, -113.72
30.45, 124.88
30.50, -34.43
30.55, 128.81
30.60, 115.38
30.65, 170.39
30.70, 42.77
30.75, 96.68
30.80, 83.63
30.85, 74.95
30.90, 77.64
30.95, 168.03
31.00, 44.23
31.05, 18.53
31.10, 46.47
31.15, -139.37
31.20, 85.76
31.25, 108.35
31.30, -34.99
31.35, -104.87
31.40, -153.42
31.45, 28.92
31.50, -36.78
31.55, -107.96
31.60, -127.89
31.65, 102.72
31.70, -89.71
31.75, -18.93
31.80, 155.51
31.85, 118.13
31.90, -94.06
31.95, 137.30
32.00, -63.96
32.05, 158.09
32.10, 24.72
32.15, -49.02
32.20, -21.56
32.25, -150.79
32.30, 94.48
32.35, -121.25
32.40, 153.08
32.45, 168.67
32.50, 178.28
32.55, -90.50
32.60, -82.11
32.65, 84.09
32.70, 173.11
32.75, 93.59
32.80, 105.13
32.85, 59.38
32.90, -144.03
32.95, 159.24
33.00, -167.62
33.05, 149.78
33.10, -131.99
33.15, -101.73
33.20, -130.87
33.25, 153.92
33.30, -40.44
33.35, 162.38
33.40, 139.52
33.45, 144.61
33.50, -12.52
33.55, -98.44
33.60, -151.21
33.65, -143.46
33.70, 72.87
33.75, 13.30
33.80, 124.49
33.85, -145.19
33.90, 164.09
33.95, -109.41
34.00, -138.82
34.05, 100.05
34.10, 133.20
34.15, -99.06
34.20, -144.26
34.25, -164.59
34.30, -165.30
34.35, 161.56
34.40, -129.40
34.45, 112.67
34.50, 89.18
34.55, -141.37
34.60, -57.79
34.65, -155.03
34.70, 108.02
34.75, -148.04
34.80, 74.61
34.85, -77.26
34.90, 119.62
34.95, -74.99
35.00, 43.55
35.05, 56.87
35.10, 37.78
35.15, -67.82
35.20, 150.42
35.25, -172.64
35.30, 2.12
35.35, -129.54
35.40, 126.93
35.45, -19.39
35.50, 109.12
35.55, -167.03
35.60, 4.96
35.65, 80.23
35.70, 113.19
35.75, -93.98
35.80, 76.04
35.85, 167.86
35.90, 1.18
35.95, -144.36
36.00, -136.91
36.05, -135.67
36.10, -132.95
36.15, 152.45
36.20, -135.35
36.25, 172.02
36.30, -137.14
36.35, -150.52
36.40, 175.50
36.45, 42.91
36.50, 56.76
36.55, -145.74
36.60, -135.53
36.65, -72.45
36.70, -26.40
36.75, 155.03
36.80, 131.24
36.85, 91.68
36.90, 80.81
36.95, 52.80
37.00, 86.88
37.05, -153.09
37.10, 174.44
37.15, 126.61
37.20, 73.99
37.25, 141.79
37.30, -155.94
37.35, -155.54
37.40, 169.52
37.45, -170.79
37.50, -178.67
37.55, 48.95
37.60, -136.60
37.65, 179.95
37.70, 98.70
37.75, -120.50
37.80, -169.04
37.85, 161.76
37.90, -6.32
37.95, -64.50
38.00, 154.72
38.05, -144.80
38.10, 95.31
38.15, -146.13
38.20, -140.80
38.25, -145.58
38.30, -129.93
38.35, -146.16
38.40, 71.46
38.45, 120.50
38.50, -132.51
38.55, -59.07
38.60, -11.37
38.65, -37.05
38.70, -30.01
38.75, 129.81
38.80, 73.04
38.85, 162.46
38.90, 119.50
38.95, 119.10
39.00, -80.81
39.05, 164.72
39.10, -15.10
39.15, 14.79
39.20, -47.66
39.25, 64.34
39.30, 167.51
39.35, 84.66
39.40, -124.74
39.45, -92.01
39.50, -52.85
39.55, -58.45
39.60, 178.31
39.65, -105.23
39.70, -51.45
39.75, 42.01
39.80, 167.04
39.85, 48.04
39.90, 179.23
39.95, -172.36
40.00, 176.69
40.05, -120.22
40.10, -140.70
40.15, -140.98
40.20, 48.64
40.25, 29.07
40.30, -57.50
40.35, 168.92
40.40, 114.06
40.45, -3.09
40.50, -156.18
40.55, 43.87
40.60, -60.53
40.65, 110.65
40.70, -167.49
40.75, 78.76
40.80, 50.13
40.85, 85.41
40.90, -68.27
40.95, 60.22
41.00, -107.05
41.05, 147.15
41.10, -87.91
41.15, 41.42
41.20, 64.03
41.25, -92.20
41.30, 162.25
41.35, 50.03
41.40, 70.14
41.45, 151.31
41.50, 159.20
41.55, 149.94
41.60, 30.84
41.65, -179.64
41.70, 51.88
41.75, -103.96
41.80, 172.58
41.85, 122.19
41.90, 5.42
41.95, 94.83
42.00, -18.37
42.05, -168.67
42.10, -8.99
42.15, 158.56
42.20, 58.65
42.25, 170.04
42.30, 121.79
42.35, -97.86
42.40, -31.80
42.45, 44.83
42.50, 126.23
42.55, -93.44
42.60, -129.52
42.65, -107.19
42.70, -23.87
42.75, 178.94
42.80, 57.55
42.85, 152.08
42.90, 14.17
42.95, -68.50
43.00, -27.49
43.05, 164.89
43.10, 174.69
43.15, -137.57
43.20, 57.04
43.25, 8.92
43.30, 153.09
43.35, -93.40
43.40, 70.38
43.45, -163.66
43.50, 107.07
43.55, -158.08
43.60, -143.97
43.65, -77.15
43.70, 176.21
43.75, -174.10
43.80, 9.95
43.85, 9.80
43.90, 112.32
43.95, 22.85
44.00, -48.98
44.05, 15.07
44.10, -28.72
44.15, 78.18
44.20, 38.83
44.25, -37.71
44.30, -91.19
44.35, 81.72
44.40, 66.88
44.45, 78.43
44.50, -94.00
44.55, -47.15
44.60, 161.64
44.65, 29.02
44.70, 6.08
44.75, -105.60
44.80, 88.99
44.85, 70.78
44.90, -158.71
44.95, 143.35
45.00, 66.39
45.05, -68.16
45.10, 144.04
45.15, 138.07
45.20, -162.07
45.25, 167.92
45.30, -130.47
45.35, 42.13
45.40, -109.32
45.45, -106.69
45.50, -120.40
45.55, -7.40
45.60, 155.77
45.65, -78.43
45.70, -57.49
45.75, 50.25
45.80, 119.92
45.85, -6.66
45.90, -12.06
45.95, -108.31
46.00, -162.25
46.05, 46.12
46.10, -88.67
46.15, 2.53
46.20, -138.21
46.25, -121.83
46.30, 72.83
46.35, -130.86
46.40, -129.13
46.45, -130.57
46.50, 101.55
46.55, -85.23
46.60, -170.25
46.65, 122.12
46.70, -144.08
46.75, -44.78
46.80, -1.37
46.85, -141.76
46.90, 90.89
46.95, -110.80
47.00, -12.34
47.05, -103.87
47.10, -138.46
47.15, 78.76
47.20, 136.49
47.25, 83.74
47.30, 4.56
47.35, 129.31
47.40, 49.33
47.45, -0.81
47.50, 22.31
47.55, -70.17
47.60, -2.43
47.65, -154.98
47.70, -52.00
47.75, 113.17
47.80, -99.49
47.85, 126.62
47.90, 90.89
47.95, 139.58
48.00, 37.27
48.05, -120.74
48.10, 130.33
48.15, -85.53
48.20, -128.23
48.25, -167.02
48.30, 27.85
48.35, -32.87
48.40, 46.46
48.45, 57.70
48.50, -5.52
48.55, -179.62
48.60, 166.25
48.65, 64.12
48.70, -39.72
48.75, 146.92
48.80, 74.04
48.85, 114.16
48.90, 56.62
48.95, -40.56
49.00, -147.53
49.05, -2.60
49.10, 35.74
49.15, 150.79
49.20, 131.84
49.25, 78.85
49.30, -163.28
49.35, 62.41
49.40, 105.29
49.45, -116.07
49.50, -160.57
49.55, -119.37
49.60, 140.80
49.65, 67.26
49.70, 69.49
49.75, 41.24
49.80, 166.90
49.85, 65.20
49.90, 112.97
49.95, 116.37
50.00, -163.38
50.05, 126.72
50.10, -123.91
50.15, 131.18
50.20, -16.33
50.25, 168.23
50.30, -51.80
50.35, -24.49
50.40, 32.60
50.45, 31.68
50.50, 8.99
50.55, 103.73
50.60, -24.42
50.65, -64.95
50.70, -160.33
50.75, -59.79
50.80, 111.32
50.85, 26.29
50.90, -113.44
50.95, 94.71
51.00, 53.29
51.05, -59.16
51.10, 44.55
51.15, -130.24
51.20, 95.59
51.25, -125.80
51.30, 101.08
51.35, -10.51
51.40, -130.79
51.45, -140.26
51.50, -9.23
51.55, 96.86
51.60, 153.93
51.65, 69.45
51.70, -157.47
51.75, -32.94
51.80, -29.86
51.85, 13.06
51.90, -26.71
51.95, 112.38
52.00, -32.87
52.05, -119.50
52.10, -164.50
52.15, 159.05
52.20, -162.05
52.25, -5.81
52.30, -122.25
52.35, 20.03
52.40, 29.13
52.45, -72.15
52.50, -90.17
52.55, -164.60
52.60, -82.25
52.65, -152.23
52.70, -164.31
52.75, -98.19
52.80, -56.78
52.85, -30.12
52.90, -13.28
52.95, 112.67
53.00, 54.64
53.05, 146.04
53.10, 126.69
53.15, -110.02
53.20, -91.45
53.25, 56.04
53.30, -171.18
53.35, 55.66
53.40, 172.37
53.45, 61.94
53.50, -115.06
53.55, 112.52
53.60, 156.08
53.65, -12.14
53.70, 13.38
53.75, -100.95
53.80, 133.90
53.85, 151.45
53.90, 109.18
53.95, -32.41
54.00, -99.81
54.05, 96.48
54.10, -69.22
54.15, -132.40
54.20, 71.89
54.25, -23.97
54.30, 94.50
54.35, -101.91
54.40, 152.58
54.45, -147.65
54.50, -100.09
54.55, 57.38
54.60, -130.84
54.65, -85.45
54.70, 151.15
54.75, -71.47
54.80, -111.52
54.85, -5.93
54.90, 112.68
54.95, 151.88
55.00, -108.53
55.05, -146.19
55.10, 165.74
55.15, -26.50
55.20, -45.94
55.25, 27.17
55.30, -20.86
55.35, -122.23
55.40, 134.40
55.45, -123.06
55.50, 98.74
55.55, 19.74
55.60, 70.81
55.65, -148.28
55.70, 115.09
55.75, -34.99
55.80, -12.92
55.85, 65.96
55.90, -140.82
55.95, 131.24
56.00, 143.02
56.05, 168.69
56.10, 108.00
56.15, -12.48
56.20, 38.88
56.25, 2.24
56.30, 6.55
56.35, 110.64
56.40, -141.37
56.45, -136.33
56.50, -0.20
56.55, -93.18
56.60, -5.87
56.65, 55.86
56.70, -137.67
56.75, 125.17
56.80, 153.22
56.85, 154.20
56.90, -121.29
56.95, 50.95
57.00, 148.18
57.05, -42.33
57.10, -17.03
57.15, -146.95
57.20, -170.41
57.25, -139.48
57.30, -144.06
57.35, -106.65
57.40, 96.56
57.45, -9.02
57.50, -46.06
57.55, -157.91
57.60, -124.11
57.65, -97.92
57.70, -42.18
57.75, 108.80
57.80, 28.52
57.85, -104.38
57.90, -33.84
57.95, -36.42
58.00, 48.76
58.05, 159.43
58.10, -42.78
58.15, 101.15
58.20, 175.84
58.25, 14.58
58.30, -178.23
58.35, 171.81
58.40, -171.18
58.45, -65.20
58.50, 132.54
58.55, -33.77
58.60, -176.00
58.65, -148.56
58.70, 131.91
58.75, 116.74
58.80, 128.45
58.85, -114.96
58.90, -135.92
58.95, -4.33
59.00, 64.86
59.05, 119.26
59.10, 175.08
59.15, -60.03
59.20, -27.26
59.25, -11.39
59.30, -131.38
59.35, -21.96
59.40, 7.55
59.45, 27.82
59.50, -156.02
59.55, 156.57
59.60, -11.00
59.65, -95.24
59.70, -21.05
59.75, -79.87
59.80, 161.43
59.85, -148.69
59.90, -136.16
59.95, 87.38
60.00, 66.17
60.05, 127.32
60.10, -179.48
60.15, 81.55
60.20, 36.22
60.25, -84.62
60.30, 121.34
60.35, -79.09
60.40, 109.81
60.45, 73.10
60.50, -143.47
60.55, 68.80
60.60, 105.72
60.65, -31.71
60.70, 6.86
60.75, -50.44
60.80, -48.39
60.85, -41.08
60.90, -101.66
60.95, 2.84
61.00, 82.35
61.05, 164.05
61.10, -175.32
61.15, -161.98
61.20, -113.81
61.25, 41.20
61.30, 91.68
61.35, -35.16
61.40, -24.09
61.45, -115.30
61.50, -154.94
61.55, 135.47
61.60, -148.55
61.65, -178.31
61.70, -108.11
61.75, 73.85
61.80, 134.92
61.85, -36.89
61.90, 82.38
61.95, 108.73
62.00, -117.09
62.05, -42.87
62.10, 63.06
62.15, -42.80
62.20, -92.04
62.25, -0.47
62.30, 47.85
62.35, -86.34
62.40, 56.94
62.45, 52.61
62.50, -66.77
62.55, -53.80
62.60, -83.55
62.65, -134.60
62.70, 15.79
62.75, -84.86
62.80, -5.50
62.85, -1.91
62.90, 53.88
62.95, 83.10
63.00, 72.53
63.05, -49.93
63.10, -71.49
63.15, 49.18
63.20, 90.52
63.25, -120.51
63.30, -115.09
63.35, 112.85
63.40, 13.03
63.45, -7.94
63.50, 64.97
63.55, 146.21
63.60, -170.48
63.65, -149.95
63.70, 157.94
63.75, 29.42
63.80, 104.65
63.85, 141.44
63.90, -42.77
63.95, 146.17
64.00, 142.54
64.05, 95.53
64.10, -121.72
64.15, -114.29
64.20, 161.30
64.25, -42.88
64.30, -148.93
64.35, 72.28
64.40, 48.77
64.45, -61.52
64.50, -165.29
64.55, 3.75
64.60, -139.73
64.65, -30.74
64.70, -174.31
64.75, -61.05
64.80, 71.81
64.85, -7.41
64.90, 133.19
64.95, -120.34
65.00, 53.88
65.05, 73.90
65.10, 71.19
65.15, -98.60
65.20, 135.55
65.25, 160.86
65.30, -132.43
65.35, 48.29
65.40, -2.92
65.45, -21.36
65.50, -18.06
65.55, -103.25
65.60, 65.20
65.65, 101.74
65.70, -91.73
65.75, 110.22
65.80, -119.36
65.85, -28.79
65.90, 161.09
65.95, 100.27
66.00, 117.88
66.05, -60.06
66.10, 95.90
66.15, -48.28
66.20, -15.86
66.25, -31.23
66.30, 89.06
66.35, 13.06
66.40, -92.33
66.45, -172.31
66.50, -128.44
66.55, -128.58
66.60, -69.15
66.65, 1.55
66.70, 138.67
66.75, -43.45
66.80, 5.84
66.85, -92.69
66.90, -89.07
66.95, 24.39
67.00, 47.50
67.05, -69.40
67.10, 60.60
67.15, 157.12
67.20, -119.04
67.25, 106.91
67.30, -162.64
67.35, -163.71
67.40, 129.62
67.45, 142.83
67.50, 22.01
67.55, -55.75
67.60, 99.15
67.65, -28.55
67.70, -63.61
67.75, -1.91
67.80, 144.18
67.85, 52.53
67.90, 133.35
67.95, 29.85
68.00, -91.86
68.05, -67.02
68.10, 40.21
68.15, -114.82
68.20, -99.08
68.25, -127.37
68.30, 53.01
68.35, 125.37
68.40, -100.72
68.45, -83.98
68.50, 106.46
68.55, -15.48
68.60, 57.84
68.65, 22.49
68.70, -42.74
68.75, -86.20
68.80, -88.33
68.85, 124.24
68.90, 7.66
68.95, 1.70
69.00, -179.24
69.05, -160.26
69.10, -29.21
69.15, -167.83
69.20, -28.92
69.25, -84.51
69.30, 55.72
69.35, 59.11
69.40, 53.41
69.45, 122.52
69.50, 34.86
69.55, 71.46
69.60, -74.86
69.65, 33.14
69.70, -11.35
69.75, -120.66
69.80, 37.14
69.85, 69.55
69.90, -53.92
69.95, -144.62
70.00, -122.74
70.05, -174.43
70.10, -41.22
70.15, 128.83
70.20, -17.45
70.25, 132.94
70.30, -19.00
70.35, -24.10
70.40, -33.42
70.45, 43.26
70.50, -13.11
70.55, 50.48
70.60, -8.89
70.65, -128.95
70.70, 84.36
70.75, -144.31
70.80, -72.03
70.85, 147.38
70.90, -82.26
70.95, 149.25
71.00, -121.30
71.05, 3.89
71.10, 49.85
71.15, 104.32
71.20, -151.50
71.25, 65.58
71.30, -155.42
71.35, -41.63
71.40, 178.72
71.45, 78.96
71.50, 35.13
71.55, 179.82
71.60, -152.39
71.65, -3.37
71.70, 26.30
71.75, -141.20
71.80, 134.65
71.85, 107.27
71.90, -21.41
71.95, -120.97
72.00, 140.88
72.05, -31.32
72.10, 30.79
72.15, -172.69
72.20, -179.17
72.25, 54.74
72.30, -16.10
72.35, 28.79
72.40, -74.52
72.45, 103.77
72.50, 103.77
72.55, 7.12
72.60, -134.71
72.65, 78.19
72.70, 166.31
72.75, 76.84
72.80, -91.35
72.85, -12.23
72.90, -4.25
72.95, 89.03
73.00, 97.37
73.05, -46.75
73.10, 90.79
73.15, 12.19
73.20, 59.33
73.25, -34.42
73.30, -157.40
73.35, 120.92
73.40, -164.69
73.45, -65.46
73.50, 166.10
73.55, -46.35
73.60, -120.13
73.65, -91.55
73.70, 172.05
73.75, -125.15
73.80, 74.13
73.85, -113.45
73.90, -163.96
73.95, 46.96
74.00, -103.28
74.05, 7.15
74.10, -64.43
74.15, -108.42
74.20, 24.04
74.25, -164.29
74.30, -3.90
74.35, -126.95
74.40, 52.76
74.45, 101.27
74.50, 111.21
74.55, 8.46
74.60, 137.28
74.65, 151.24
74.70, -42.34
74.75, -109.16
74.80, -49.33
74.85, 23.72
74.90, -40.71
74.95, -22.35
75.00, 10.62
75.05, 81.21
75.10, -77.24
75.15, 114.23
75.20, 3.08
75.25, 131.18
75.30, 36.39
75.35, 130.52
75.40, 69.44
75.45, 161.03
75.50, -53.95
75.55, 122.22
75.60, 90.88
75.65, -118.01
75.70, -67.35
75.75, 123.67
75.80, -70.50
75.85, 148.31
75.90, -21.64
75.95, 129.24
76.00, -86.25
76.05, 167.88
76.10, -155.19
76.15, 52.83
76.20, 117.45
76.25, 133.00
76.30, 81.57
76.35, 78.36
76.40, -44.34
76.45, 11.91
76.50, 48.89
76.55, -53.95
76.60, -127.91
76.65, -163.21
76.70, -128.97
76.75, -63.12
76.80, 82.81
76.85, -130.54
76.90, 0.88
76.95, 81.60
77.00, -144.64
77.05, 92.16
77.10, 175.89
77.15, -65.13
77.20, 160.03
77.25, 156.57
77.30, -26.54
77.35, -143.04
77.40, -156.27
77.45, 13.28
77.50, -52.69
77.55, -95.33
77.60, 58.59
77.65, -44.04
77.70, 148.81
77.75, -14.69
77.80, 17.92
77.85, 176.14
77.90, -93.65
77.95, -86.47
78.00, 7.50
78.05, -81.36
78.10, 139.60
78.15, 162.39
78.20, -73.58
78.25, -19.06
78.30, -44.43
78.35, -48.13
78.40, 96.95
78.45, 170.69
78.50, 84.25
78.55, -74.26
78.60, -113.29
78.65, 0.68
78.70, -175.76
78.75, 20.06
78.80, 33.04
78.85, 177.33
78.90, 95.97
78.95, 29.73
79.00, -162.42
79.05, -26.65
79.10, -29.62
79.15, 21.17
79.20, -60.72
79.25, -87.84
79.30, -151.50
79.35, 91.12
79.40, -89.28
79.45, 118.46
79.50, -128.17
79.55, 103.90
79.60, 135.78
79.65, 167.44
79.70, 15.26
79.75, 53.61
79.80, -66.80
79.85, -93.69
79.90, 176.59
79.95, -85.11
80.00, -106.39
80.05, -104.62
80.10, 118.00
80.15, 85.08
80.20, -160.72
80.25, 118.59
80.30, -145.23
80.35, 56.12
80.40, -15.28
80.45, -136.06
80.50, 141.10
80.55, 173.46
80.60, -89.91
80.65, 65.19
80.70, -146.21
80.75, 4.66
80.80, 111.54
80.85, -66.09
80.90, 36.67
80.95, -165.94
81.00, 61.33
81.05, 124.36
81.10, -90.28
81.15, 76.90
81.20, 40.56
81.25, -171.44
81.30, -18.52
81.35, 39.98
81.40, -96.49
81.45, -56.18
81.50, 36.58
81.55, 40.98
81.60, -158.16
81.65, -30.69
81.70, -121.40
81.75, 93.56
81.80, -171.29
81.85, -161.84
81.90, 1.18
81.95, -12.32
82.00, 169.59
82.05, -116.94
82.10, 163.32
82.15, -133.63
82.20, -95.88
82.25, -24.95
82.30, 155.15
82.35, 109.97
82.40, 91.13
82.45, -153.23
82.50, 173.92
82.55, 171.21
82.60, -8.99
82.65, -15.04
82.70, -90.00
82.75, 20.97
82.80, 60.53
82.85, -40.40
82.90, 69.74
82.95, 146.89
83.00, 170.06
83.05, -107.91
83.10, 97.72
83.15, 9.51
83.20, -127.05
83.25, -53.38
83.30, 80.20
83.35, -114.69
83.40, -145.65
83.45, -159.61
83.50, -30.12
83.55, -58.01
83.60, -166.86
83.65, -155.44
83.70, -138.60
83.75, 139.61
83.80, 89.21
83.85, -61.64
83.90, -164.91
83.95, 17.29
84.00, 169.65
84.05, -8.67
84.10, -168.92
84.15, 7.49
84.20, 133.05
84.25, -112.03
84.30, -162.02
84.35, -79.72
84.40, -143.92
84.45, 9.78
84.50, 151.27
84.55, -178.96
84.60, -40.32
84.65, -22.75
84.70, 34.81
84.75, -36.66
84.80, -153.14
84.85, -169.76
84.90, -97.36
84.95, -176.81
85.00, -87.31
85.05, 120.36
85.10, 177.22
85.15, 102.21
85.20, -39.60
85.25, -122.37
85.30, -88.75
85.35, 99.58
85.40, 62.89
85.45, -18.47
85.50, -53.98
85.55, -22.17
85.60, -117.30
85.65, 33.39
85.70, 120.30
85.75, -50.17
85.80, -132.62
85.85, -116.21
85.90, 79.84
85.95, -3.85
86.00, 138.36
86.05, -126.47
86.10, 167.66
86.15, -92.73
86.20, 79.06
86.25, -42.00
86.30, -135.64
86.35, 15.03
86.40, 114.49
86.45, -167.71
86.50, 73.47
86.55, 132.28
86.60, -55.81
86.65, 99.16
86.70, 75.78
86.75, -127.87
86.80, -36.58
86.85, -164.61
86.90, 168.35
86.95, 50.13
87.00, 150.71
87.05, 61.06
87.10, 178.18
87.15, -172.70
87.20, -156.20
87.25, -12.03
87.30, -110.14
87.35, 122.68
87.40, -85.46
87.45, 138.22
87.50, 161.07
87.55, 172.73
87.60, -143.22
87.65, 59.27
87.70, -171.20
87.75, 71.32
87.80, -148.14
87.85, 23.80
87.90, 93.85
87.95, -58.60
88.00, 177.45
88.05, -106.27
88.10, -18.46
88.15, -85.85
88.20, 103.02
88.25, -62.78
88.30, -18.57
88.35, -5.43
88.40, -64.11
88.45, -49.71
88.50, 32.01
88.55, 137.39
88.60, -21.64
88.65, -78.26
88.70, -104.12
88.75, -41.67
88.80, -111.50
88.85, 28.77
88.90, 6.82
88.95, -96.51
89.00, 3.86
89.05, -141.53
89.10, 158.81
89.15, 20.56
89.20, 60.71
89.25, -130.09
89.30, 127.44
89.35, -128.31
89.40, 146.45
89.45, 171.08
89.50, 0.68
89.55, 94.46
89.60, -24.31
89.65, 43.23
89.70, -162.19
89.75, -79.66
89.80, 73.16
89.85, 10.30
89.90, 30.59
89.95, -35.26
90.00, 106.98
90.05, 65.86
90.10, -134.66
90.15, 76.19
90.20, -125.23
90.25, -139.01
90.30, 13.07
90.35, 149.14
90.40, -65.90
90.45, -155.34
90.50, -131.14
90.55, -61.80
90.60, 148.91
90.65, 163.00
90.70, 124.54
90.75, 37.41
90.80, 62.93
90.85, 58.14
90.90, -145.86
90.95, 145.36
91.00, -80.67
91.05, -32.85
91.10, 19.81
91.15, -103.04
91.20, -17.51
91.25, 9.21
91.30, -58.58
91.35, 9.66
91.40, 71.57
91.45, -63.11
91.50, 47.08
91.55, -18.05
91.60, -52.51
91.65, 111.44
91.70, 20.42
91.75, 105.98
91.80, -124.09
91.85, -142.04
91.90, 37.87
91.95, -112.34
92.00, 149.35
92.05, -108.20
92.10, 113.86
92.15, -47.60
92.20, 138.09
92.25, 11.32
92.30, -73.48
92.35, -52.11
92.40, 120.00
92.45, -178.03
92.50, -18.79
92.55, 31.97
92.60, -108.50
92.65, 8.91
92.70, 135.93
92.75, -88.96
92.80, 63.82
92.85, 130.64
92.90, -80.87
92.95, 123.83
93.00, -80.76
93.05, 48.09
93.10, -62.93
93.15, 65.63
93.20, -61.41
93.25, -174.00
93.30, -170.51
93.35, 82.13
93.40, 100.27
93.45, 35.10
93.50, -140.71
93.55, 29.86
93.60, -48.06
93.65, 17.48
93.70, 19.94
93.75, -51.11
93.80, 176.32
93.85, 92.69
93.90, 116.81
93.95, 112.25
94.00, 19.21
94.05, -33.13
94.10, 101.13
94.15, 164.21
94.20, -33.80
94.25, 64.71
94.30, 167.07
94.35, -133.43
94.40, -97.36
94.45, 72.13
94.50, -167.43
94.55, 40.04
94.60, 53.56
94.65, 49.86
94.70, -4.26
94.75, -138.27
94.80, 89.17
94.85, -58.45
94.90, -165.06
94.95, 70.87
95.00, -65.71
95.05, 64.64
95.10, 96.82
95.15, -18.00
95.20, -173.44
95.25, 11.66
95.30, -178.15
95.35, -133.07
95.40, 68.00
95.45, 41.65
95.50, -118.95
95.55, 149.51
95.60, -97.34
95.65, 93.27
95.70, -21.11
95.75, 173.45
95.80, -6.98
95.85, -51.32
95.90, 175.10
95.95, 115.77
96.00, 56.43
96.05, -139.21
96.10, 1.80
96.15, -115.04
96.20, -25.36
96.25, 9.76
96.30, 21.15
96.35, 108.73
96.40, -4.64
96.45, 42.77
96.50, 161.94
96.55, -89.12
96.60, 163.81
96.65, -128.00
96.70, -88.56
96.75, -96.42
96.80, -13.90
96.85, -135.90
96.90, 61.36
96.95, -146.37
97.00, -143.03
97.05, -33.28
97.10, -34.21
97.15, -91.91
97.20, 117.93
97.25, 84.15
97.30, -95.88
97.35, -148.49
97.40, 151.17
97.45, 167.27
97.50, -69.85
97.55, -166.15
97.60, -168.24
97.65, 17.00
97.70, -44.24
97.75, -62.52
97.80, -25.48
97.85, -29.82
97.90, 45.17
97.95, -158.68
98.00, 130.34
98.05, -9.99
98.10, 164.74
98.15, -169.24
98.20, -136.36
98.25, 30.80
98.30, 63.76
98.35, -95.95
98.40, 151.52
98.45, -47.53
98.50, 167.15
98.55, 98.13
98.60, -10.91
98.65, 56.41
98.70, -104.30
98.75, -61.65
98.80, 89.15
98.85, -127.91
98.90, 143.30
98.95, 2.75
99.00, 155.74
99.05, 7.41
99.10, 145.40
99.15, -127.72
99.20, -6.84
99.25, -61.13
99.30, 130.41
99.35, 14.13
99.40, -122.29
99.45, -58.20
99.50, 11.79
99.55, 36.17
99.60, 96.16
99.65, 66.70
99.70, -72.65
99.75, 168.65
99.80, -135.84
99.85, 54.83
99.90, -75.44
99.95, 82.00
100.00, -31.47
100.05, 14.91
100.10, 100.75
100.15, -33.94
100.20, 102.24
100.25, 36.18
100.30, 173.55
100.35, 21.02
100.40, -43.77
100.45, -51.47
100.50, -125.29
100.55, 1.39
100.60, -135.48
100.65, -132.74
100.70, 74.18
100.75, -61.75
100.80, -0.24
100.85, -70.18
100.90, 178.47
100.95, 22.45
101.00, 105.54
101.05, -18.09
101.10, -39.59
101.15, -119.43
101.20, -122.05
101.25, 172.48
101.30, -22.48
101.35, -82.67
101.40, -76.38
101.45, 61.07
101.50, -38.70
101.55, 107.39
101.60, 143.44
101.65, -171.17
101.70, 32.93
101.75, -16.20
101.80, -149.03
101.85, -95.78
101.90, 43.88
101.95, -7.14
102.00, -31.42
102.05, -7.88
102.10, -52.61
102.15, -45.90
102.20, -5.07
102.25, 23.47
102.30, 96.68
102.35, -142.98
102.40, 46.48
102.45, -137.49
102.50, -90.83
102.55, 50.83
102.60, 66.97
102.65, -165.12
102.70, 96.12
102.75, 130.49
102.80, -51.29
102.85, -140.99
102.90, 96.54
102.95, -52.85
103.00, 112.79
103.05, 85.04
103.10, -83.07
103.15, -94.47
103.20, -95.63
103.25, 64.29
103.30, 83.55
103.35, -109.28
103.40, 9.26
103.45, -142.29
103.50, 91.31
103.55, -39.22
103.60, 39.45
103.65, 119.27
103.70, 162.21
103.75, -31.60
103.80, -57.95
103.85, 179.04
103.90, 121.69
103.95, -127.97
104.00, -167.41
104.05, 91.58
104.10, -134.20
104.15, 13.68
104.20, -169.27
104.25, 122.88
104.30, 85.79
104.35, -121.51
104.40, 43.68
104.45, -16.72
104.50, -107.54
104.55, 69.52
104.60, 26.67
104.65, 11.29
104.70, -42.44
104.75, -31.29
104.80, 5.08
104.85, 54.57
104.90, -177.23
104.95, 96.22
105.00, -1.24
105.05, 151.24
105.10, 175.28
105.15, -20.62
105.20, -155.44
105.25, 174.54
105.30, -163.31
105.35, 156.08
105.40, -27.07
105.45, 50.16
105.50, 147.42
105.55, 132.21
105.60, -51.02
105.65, -140.74
105.70, -102.59
105.75, -81.82
105.80, 123.84
105.85, 60.49
105.90, 19.67
105.95, 1.80
106.00, 138.68
106.05, 105.92
106.10, -106.36
106.15, -135.99
106.20, 113.02
106.25, 76.43
106.30, 0.28
106.35, -44.23
106.40, -78.40
106.45, 61.70
106.50, -144.69
106.55, 23.85
106.60, 60.15
106.65, -166.84
106.70, 42.51
106.75, 137.05
106.80, 167.22
106.85, -136.01
106.90, 169.41
106.95, -9.18
107.00, 24.95
107.05, 35.48
107.10, -94.36
107.15, -87.93
107.20, 51.78
107.25, -138.45
107.30, 22.94
107.35, 167.28
107.40, -114.34
107.45, 29.04
107.50, 40.89
107.55, 79.33
107.60, -68.20
107.65, -47.56
107.70, 173.92
107.75, 59.74
107.80, -71.84
107.85, -136.53
107.90, 49.81
107.95, 175.87
108.00, -36.62
108.05, 152.32
108.10, 27.58
108.15, 111.13
108.20, -71.50
108.25, -104.05
108.30, 33.76
108.35, 168.95
108.40, 149.03
108.45, -53.61
108.50, 142.77
108.55, -62.99
108.60, 104.42
108.65, -64.68
108.70, -100.03
108.75, 17.67
108.80, 78.38
108.85, -78.38
108.90, 163.91
108.95, -54.36
109.00, -115.21
109.05, -105.44
109.10, 72.57
109.15, -164.24
109.20, -126.50
109.25, -93.91
109.30, -148.54
109.35, 73.62
109.40, 128.44
109.45, -82.32
109.50, 179.21
109.55, 19.80
109.60, 69.63
109.65, -46.14
109.70, 7.06
109.75, -47.39
109.80, 131.09
109.85, -90.55
109.90, -25.62
109.95, 176.33
110.00, -104.71
110.05, -2.01
110.10, -18.42
110.15, 69.40
110.20, 75.96
110.25, -126.72
110.30, 65.12
110.35, -29.24
110.40, 114.19
110.45, -6.32
110.50, -24.83
110.55, 125.84
110.60, -53.45
110.65, -7.85
110.70, -167.49
110.75, 18.79
110.80, -164.22
110.85, -92.01
110.90, 138.66
110.95, 170.32
111.00, 72.09
111.05, -18.78
111.10, -18.32
111.15, -8.10
111.20, 157.08
111.25, 109.03
111.30, 132.91
111.35, -63.55
111.40, 79.82
111.45, -153.02
111.50, 156.70
111.55, -103.24
111.60, -149.31
111.65, -87.17
111.70, 95.50
111.75, 145.49
111.80, -102.37
111.85, 127.63
111.90, 16.18
111.95, -28.36
112.00, 35.04
112.05, -77.49
112.10, -125.58
112.15, 144.42
112.20, -101.90
112.25, -154.75
112.30, 92.71
112.35, 148.34
112.40, 106.43
112.45, 119.72
112.50, 100.48
112.55, 151.09
112.60, -109.20
112.65, -37.69
112.70, -78.86
112.75, -174.66
112.80, 57.49
112.85, 124.06
112.90, -23.08
112.95, -157.40
113.00, -111.63
113.05, -18.25
113.10, -163.34
113.15, 22.17
113.20, -102.86
113.25, -72.63
113.30, -77.68
113.35, -61.86
113.40, 135.21
113.45, 42.64
113.50, 74.45
113.55, 41.93
113.60, -98.60
113.65, 101.63
113.70, 118.76
113.75, -135.93
113.80, -72.47
113.85, 5.17
113.90, -100.88
113.95, 162.96
114.00, 78.33
114.05, -142.15
114.10, 128.52
114.15, 35.26
114.20, -10.48
114.25, -55.91
114.30, -32.59
114.35, -127.75
114.40, 104.96
114.45, 159.50
114.50, -114.67
114.55, -43.93
114.60, -100.97
114.65, 28.14
114.70, -7.27
114.75, -19.02
114.80, 102.49
114.85, 152.10
114.90, 34.59
114.95, -174.09
115.00, 22.70
115.05, -34.31
115.10, 18.51
115.15, 87.64
115.20, 61.46
115.25, -101.55
115.30, 70.49
115.35, -45.10
115.40, -149.07
115.45, 90.31
115.50, 150.72
115.55, 136.69
115.60, -163.16
115.65, 84.82
115.70, -81.04
115.75, -59.04
115.80, -17.14
115.85, -126.77
115.90, -135.74
115.95, -25.74
116.00, -30.19
116.05, -23.06
116.10, -122.32
116.15, -21.09
116.20, 132.09
116.25, 105.48
116.30, -141.75
116.35, 75.91
116.40, 31.70
116.45, 22.96
116.50, 51.31
116.55, 164.50
116.60, 130.54
116.65, 168.00
116.70, 102.90
116.75, 7.93
116.80, -94.78
116.85, -34.44
116.90, 58.68
116.95, 22.67
117.00, -148.52
117.05, 126.66
117.10, -47.85
117.15, 91.12
117.20, -118.70
117.25, 87.62
117.30, 95.46
117.35, 102.07
117.40, -128.04
117.45, -165.51
117.50, -113.65
117.55, 80.15
117.60, 120.98
117.65, 70.80
117.70, -26.64
117.75, 108.60
117.80, -170.96
117.85, -57.26
117.90, 106.09
117.95, 101.79
118.00, 76.39
118.05, -72.75
118.10, -70.62
118.15, 89.14
118.20, 60.95
118.25, -55.69
118.30, -175.86
118.35, -41.92
118.40, 41.67
118.45, 88.91
118.50, 103.61
118.55, -175.76
118.60, -106.63
118.65, 173.99
118.70, 68.72
118.75, -175.31
118.80, 45.58
118.85, -133.31
118.90, -52.69
118.95, 34.71
119.00, 78.31
119.05, 63.41
119.10, -80.36
119.15, -172.88
119.20, 53.81
119.25, 80.69
119.30, -94.76
119.35, -132.72
119.40, 7.25
119.45, -112.07
119.50, 171.92
119.55, -55.17
119.60, 12.74
119.65, 60.60
119.70, 26.72
119.75, -35.86
119.80, -27.50
119.85, 140.60
119.90, 39.97
119.95, -154.71
120.00, -49.84
120.05, 13.98
120.10, 94.41
120.15, -16.96
120.20, -156.62
120.25, -144.64
120.30, -71.67
120.35, -12.80
120.40, 62.12
120.45, 171.71
120.50, -108.80
120.55, -63.65
120.60, -85.46
120.65, 48.36
120.70, -133.35
120.75, -39.85
120.80, -72.76
120.85, 133.60
120.90, -63.86
120.95, -61.45
121.00, -64.44
121.05, -107.93
121.10, 32.24
121.15, -14.10
121.20, -62.80
121.25, 66.35
121.30, 100.72
121.35, 27.56
121.40, -73.50
121.45, 173.80
121.50, -85.28
121.55, 43.76
121.60, -129.53
121.65, 63.23
121.70, 17.18
121.75, 37.18
121.80, 24.05
121.85, -144.81
121.90, 70.32
121.95, -119.08
122.00, -128.29
122.05, 85.61
122.10, -57.49
122.15, -58.28
122.20, -40.86
122.25, 86.21
122.30, -36.35
122.35, 102.66
122.40, 156.19
122.45, 97.32
122.50, 42.15
122.55, 87.11
122.60, -11.31
122.65, 77.10
122.70, 21.22
122.75, -54.15
122.80, -96.94
122.85, -113.52
122.90, 164.29
122.95, 169.96
123.00, 74.79
123.05, 86.52
123.10, 147.02
123.15, 77.42
123.20, 59.31
123.25, 139.23
123.30, -52.35
123.35, -141.77
123.40, 133.89
123.45, -144.61
123.50, 144.45
123.55, 124.06
123.60, 74.62
123.65, -110.61
123.70, 37.95
123.75, -41.28
123.80, -9.65
123.85, 77.45
123.90, -54.23
123.95, -37.38
124.00, -57.33
124.05, 73.36
124.10, 1.39
124.15, -15.19
124.20, 49.08
124.25, 36.78
124.30, -168.70
124.35, -27.07
124.40, -34.85
124.45, 89.28
124.50, -36.92
124.55, 177.53
124.60, -57.38
124.65, -12.18
124.70, -2.03
124.75, 158.09
124.80, -41.99
124.85, -55.56
124.90, -108.90
124.95, 100.04
125.00, 99.68
125.05, 167.62
125.10, 27.40
125.15, 19.04
125.20, -131.11
125.25, -45.53
125.30, -92.73
125.35, -43.13
125.40, -67.58
125.45, -71.41
125.50, -97.76
125.55, -22.61
125.60, -77.67
125.65, -168.47
125.70, 71.11
125.75, -142.15
125.80, 6.51
125.85, 68.54
125.90, -4.17
125.95, 36.55
126.00, -45.52
126.05, -32.10
126.10, 119.22
126.15, -134.35
126.20, 133.99
126.25, 50.96
126.30, 134.65
126.35, 81.97
126.40, 163.51
126.45, 157.55
126.50, 65.33
126.55, -76.73
126.60, -73.59
126.65, 170.82
126.70, 136.17
126.75, -6.27
126.80, -78.09
126.85, -125.28
126.90, -50.32
126.95, 85.37
127.00, -86.90
127.05, 131.36
127.10, 126.81
127.15, -123.17
127.20, -135.20
127.25, 90.17
127.30, -31.25
127.35, 11.59
127.40, -63.56
127.45, 77.84
127.50, -23.73
127.55, -22.29
127.60, -79.10
127.65, 95.85
127.70, 84.23
127.75, -54.72
127.80, 55.74
127.85, -114.09
127.90, 36.64
127.95, 157.20
128.00, 104.12
128.05, 56.04
128.10, 157.98
128.15, 39.13
128.20, -63.17
128.25, -19.82
128.30, 12.40
128.35, 115.23
128.40, 38.98
128.45, -26.80
128.50, 14.45
128.55, 136.77
128.60, 20.37
128.65, 85.53
128.70, 37.51
128.75, 159.54
128.80, 140.21
128.85, -32.82
128.90, 125.74
128.95, -36.94
129.00, -75.70
129.05, 132.20
129.10, -92.66
129.15, -110.40
129.20, 146.51
129.25, -111.69
129.30, -105.00
129.35, 22.36
129.40, -53.69
129.45, -163.31
129.50, 124.70
129.55, 53.49
129.60, 52.94
129.65, -7.30
129.70, 96.87
129.75, 87.50
129.80, 33.58
129.85, 90.13
129.90, 141.78
129.95, -129.97
130.00, 15.30
130.05, 178.34
130.10, 10.34
130.15, -109.34
130.20, 92.99
130.25, -130.11
130.30, 80.65
130.35, -57.76
130.40, 109.91
130.45, 148.06
130.50, -95.47
130.55, 94.99
130.60, 92.64
130.65, -168.21
130.70, -24.12
130.75, 28.42
130.80, 77.48
130.85, -91.87
130.90, 90.16
130.95, -11.63
131.00, 107.03
131.05, -76.49
131.10, -171.43
131.15, -118.17
131.20, -134.21
131.25, -25.06
131.30, 176.25
131.35, -102.07
131.40, 91.30
131.45, -85.98
131.50, 11.81
131.55, -14.91
131.60, 34.99
131.65, 33.54
131.70, -32.10
131.75, -88.12
131.80, -72.90
131.85, -112.69
131.90, 176.93
131.95, 42.40
132.00, -75.61
132.05, 62.27
132.10, -163.78
132.15, -86.68
132.20, 169.01
132.25, -133.98
132.30, -55.25
132.35, 130.50
132.40, -40.61
132.45, 40.04
132.50, 23.69
132.55, 58.42
132.60, 22.68
132.65, -42.93
132.70, 61.42
132.75, 51.10
132.80, -67.61
132.85, 9.61
132.90, -49.18
132.95, 15.97
133.00, 173.14
133.05, 110.15
133.10, -162.16
133.15, 156.60
133.20, 10.86
133.25, 71.19
133.30, 160.82
133.35, 43.35
133.40, 135.75
133.45, 21.57
133.50, -28.19
133.55, 90.32
133.60, 35.82
133.65, 167.70
133.70, -143.45
133.75, 161.38
133.80, -2.63
133.85, -161.63
133.90, 26.68
133.95, 170.03
134.00, -1.90
134.05, 33.35
134.10, -48.67
134.15, -144.12
134.20, -38.30
134.25, -65.80
134.30, 131.80
134.35, 29.10
134.40, 109.34
134.45, -129.98
134.50, 35.09
134.55, -179.71
134.60, 122.91
134.65, 4.37
134.70, 49.18
134.75, -104.46
134.80, -18.53
134.85, 34.78
134.90, 112.12
134.95, -35.70
135.00, 51.61
135.05, 147.56
135.10, 120.91
135.15, -143.85
135.20, 137.74
135.25, -160.44
135.30, 131.19
135.35, 100.21
135.40, 4.79
135.45, -30.57
135.50, 38.88
135.55, 159.70
135.60, 176.91
135.65, -87.81
135.70, 64.09
135.75, -66.71
135.80, 38.85
135.85, -134.74
135.90, 29.63
135.95, -36.83
136.00, -147.11
136.05, 171.21
136.10, -179.75
136.15, 8.80
136.20, -43.65
136.25, -6.64
136.30, 34.77
136.35, 52.49
136.40, -97.96
136.45, -53.72
136.50, 166.62
136.55, -39.13
136.60, -106.07
136.65, 131.48
136.70, -148.06
136.75, -172.90
136.80, -171.28
136.85, -34.24
136.90, -136.71
136.95, -150.79
137.00, 135.68
137.05, 25.85
137.10, -51.59
137.15, -34.77
137.20, -96.14
137.25, 20.91
137.30, 70.39
137.35, 158.17
137.40, 65.13
137.45, -41.83
137.50, 49.42
137.55, -20.85
137.60, -136.02
137.65, 101.66
137.70, -102.82
137.75, 43.24
137.80, 6.94
137.85, 136.45
137.90, -164.20
137.95, -134.34
138.00, 14.26
138.05, -178.90
138.10, -164.79
138.15, 137.71
138.20, -3.85
138.25, 47.72
138.30, -25.08
138.35, -174.35
138.40, 116.82
138.45, 23.40
138.50, 118.22
138.55, 68.16
138.60, 40.63
138.65, 31.70
138.70, 102.52
138.75, -172.37
138.80, 14.56
138.85, 125.16
138.90, 68.60
138.95, -113.03
139.00, -80.58
139.05, 165.68
139.10, 49.93
139.15, 120.23
139.20, 29.36
139.25, -33.95
139.30, -26.17
139.35, -8.18
139.40, -12.93
139.45, -164.78
139.50, 179.57
139.55, -145.36
139.60, 20.62
139.65, -119.54
139.70, -55.37
139.75, 147.51
139.80, 5.72
139.85, 59.97
139.90, -100.97
139.95, -47.68
140.00, -63.42
140.05, -142.00
140.10, -31.47
140.15, -137.93
140.20, -130.38
140.25, -52.69
140.30, -88.63
140.35, 11.04
140.40, 30.23
140.45, 15.05
140.50, -97.32
140.55, -144.21
140.60, 146.53
140.65, -45.84
140.70, -142.11
140.75, 108.48
140.80, 77.40
140.85, -144.82
140.90, 116.09
140.95, -2.10
141.00, -45.63
141.05, -25.95
141.10, 135.09
141.15, 146.34
141.20, -26.51
141.25, -46.90
141.30, -102.25
141.35, 91.19
141.40, -133.13
141.45, 141.03
141.50, 21.72
141.55, -25.39
141.60, 32.65
141.65, -21.35
141.70, -130.85
141.75, -62.66
141.80, -127.40
141.85, 107.19
141.90, 70.38
141.95, 41.52
142.00, 64.79
142.05, -173.98
142.10, -42.68
142.15, -104.05
142.20, 165.05
142.25, 76.96
142.30, -36.41
142.35, -88.38
142.40, 84.44
142.45, 28.06
142.50, 159.42
142.55, -111.23
142.60, 131.38
142.65, 54.39
142.70, -4.31
142.75, -166.89
142.80, -151.46
142.85, -120.44
142.90, 26.89
142.95, -100.77
143.00, -51.70
143.05, 98.14
143.10, -68.49
143.15, 106.89
143.20, -59.35
143.25, -121.21
143.30, 115.04
143.35, 97.05
143.40, -65.19
143.45, -30.54
143.50, -130.50
143.55, -29.57
143.60, 111.87
143.65, 31.83
143.70, -177.41
143.75, -20.83
143.80, 172.69
143.85, 94.99
143.90, 137.99
143.95, -57.89
144.00, -163.09
144.05, -110.31
144.10, -93.29
144.15, -107.17
144.20, 85.97
144.25, 21.42
144.30, 77.11
144.35, 153.16
144.40, -167.54
144.45, -21.18
144.50, -106.59
144.55, 52.36
144.60, -43.94
144.65, 18.49
144.70, 35.04
144.75, -104.69
144.80, -115.97
144.85, -121.32
144.90, -1.70
144.95, -50.66
145.00, 88.45
145.05, -126.53
145.10, 35.67
145.15, -123.02
145.20, 135.23
145.25, -170.05
145.30, 110.65
145.35, 177.34
145.40, -68.39
145.45, 129.12
145.50, -27.72
145.55, -68.65
145.60, 38.73
145.65, 11.91
145.70, 82.82
145.75, 28.40
145.80, 156.89
145.85, 175.66
145.90, 166.04
145.95, -54.35
146.00, -32.49
146.05, -49.78
146.10, -69.76
146.15, -90.10
146.20, -167.53
146.25, -79.35
146.30, 114.57
146.35, -176.66
146.40, 8.53
146.45, -127.57
146.50, -5.61
146.55, 153.54
146.60, 125.58
146.65, -79.99
146.70, -87.57
146.75, -56.30
146.80, -146.77
146.85, 124.63
146.90, 136.45
146.95, -148.77
147.00, -96.29
147.05, -10.08
147.10, 143.33
147.15, 36.20
147.20, -19.08
147.25, 159.80
147.30, -149.40
147.35, -81.00
147.40, 103.97
147.45, -0.22
147.50, 63.65
147.55, 111.10
147.60, -145.54
147.65, -53.70
147.70, 143.15
147.75, -126.07
147.80, -125.06
147.85, 56.32
147.90, -144.30
147.95, 16.29
148.00, -82.30
148.05, 24.27
148.10, -146.86
148.15, -126.02
148.20, -179.70
148.25, -52.99
148.30, 178.92
148.35, 101.74
148.40, 142.62
148.45, 150.32
148.50, 7.85
148.55, -35.39
148.60, 35.17
148.65, 118.47
148.70, -166.30
148.75, 97.92
148.80, 78.05
148.85, -164.61
148.90, 56.24
148.95, -88.34
149.00, -28.26
149.05, 25.04
149.10, -168.70
149.15, -70.84
149.20, -84.53
149.25, 82.05
149.30, -106.97
149.35, -140.82
149.40, 140.45
149.45, 88.41
149.50, -166.63
149.55, -146.58
149.60, -118.79
149.65, -135.18
149.70, -47.71
149.75, 59.33
149.80, 91.32
149.85, 93.23
149.90, 35.55
149.95, 33.04
150.00, 163.08
150.05, 168.29
150.10, 92.21
150.15, -168.74
150.20, 115.24
150.25, -88.21
150.30, 79.32
150.35, -175.34
150.40, -113.75
150.45, -82.87
150.50, -34.96
150.55, 25.34
150.60, -40.31
150.65, 95.14
150.70, -68.11
150.75, -141.99
150.80, 2.60
150.85, -121.14
150.90, 32.00
150.95, 92.60
151.00, -72.99
151.05, 61.95
151.10, -89.80
151.15, -49.29
151.20, -77.80
151.25, 173.94
151.30, 168.46
151.35, -162.69
151.40, 74.76
151.45, 17.34
151.50, -98.11
151.55, -61.13
151.60, 63.06
151.65, -6.74
151.70, -20.44
151.75, 78.24
151.80, 97.84
151.85, 177.19
151.90, 98.04
151.95, 148.30
152.00, 166.47
152.05, 62.03
152.10, 10.10
152.15, 163.17
152.20, -63.09
152.25, 24.48
152.30, 102.38
152.35, -94.40
152.40, 127.53
152.45, 99.52
152.50, 68.54
152.55, 135.00
152.60, -92.07
152.65, -174.86
152.70, 159.71
152.75, 171.80
152.80, -16.37
152.85, 56.95
152.90, -56.04
152.95, 114.08
153.00, 11.88
153.05, 35.07
153.10, -69.00
153.15, -60.82
153.20, 61.32
153.25, 121.19
153.30, -19.31
153.35, -171.81
153.40, -147.24
153.45, 77.86
153.50, 123.50
153.55, -134.97
153.60, -145.99
153.65, -98.11
153.70, 150.95
153.75, 18.06
153.80, 140.77
153.85, 169.95
153.90, 0.47
153.95, 98.05
154.00, -51.55
154.05, 50.64
154.10, -99.46
154.15, -133.84
154.20, -63.35
154.25, -127.00
154.30, -61.30
154.35, -157.07
154.40, 152.96
154.45, 37.08
154.50, 36.77
154.55, 100.42
154.60, 42.13
154.65, -170.52
154.70, 134.77
154.75, -17.48
154.80, 69.87
154.85, -25.63
154.90, 145.26
154.95, 81.65
155.00, -30.32
155.05, 172.29
155.10, -154.55
155.15, 75.17
155.20, -121.26
155.25, -112.24
155.30, -39.98
155.35, 49.97
155.40, -151.55
155.45, -132.35
155.50, -84.22
155.55, 104.34
155.60, -65.82
155.65, 59.88
155.70, -148.99
155.75, 34.05
155.80, -94.10
155.85, 103.86
155.90, -86.61
155.95, 132.60
156.00, 81.57
156.05, 82.81
156.10, -85.23
156.15, -6.94
156.20, -109.29
156.25, 164.42
156.30, 105.63
156.35, 162.45
156.40, 34.65
156.45, -156.89
156.50, -86.48
156.55, 31.39
156.60, 8.87
156.65, 124.85
156.70, 81.47
156.75, -149.64
156.80, -170.13
156.85, 111.70
156.90, 112.47
156.95, 1.07
157.00, 176.10
157.05, -73.78
157.10, 46.73
157.15, 50.34
157.20, -178.07
157.25, -52.30
157.30, -112.88
157.35, 179.75
157.40, 163.06
157.45, 129.68
157.50, 173.70
157.55, -154.17
157.60, 11.39
157.65, 24.79
157.70, 52.51
157.75, 29.39
157.80, 129.68
157.85, -91.14
157.90, -33.72
157.95, -79.05
158.00, -114.47
158.05, -9.56
158.10, 104.85
158.15, 85.70
158.20, 89.24
158.25, -44.86
158.30, 18.98
158.35, -155.16
158.40, 48.99
158.45, -97.74
158.50, 115.50
158.55, -113.72
158.60, -50.25
158.65, 43.82
158.70, -21.59
158.75, -91.09
158.80, -49.09
158.85, -44.11
158.90, 155.43
158.95, -73.36
159.00, -156.60
159.05, 34.90
159.10, -45.56
159.15, -55.92
159.20, -3.61
159.25, -76.21
159.30, 1.10
159.35, 48.81
159.40, -64.84
159.45, 78.48
159.50, 162.81
159.55, 111.26
159.60, 62.36
159.65, -129.16
159.70, -167.93
159.75, 142.29
159.80, 136.95
159.85, -83.71
159.90, 137.95
159.95, 16.10
160.00, -137.06
160.05, -57.46
160.10, 102.89
160.15, -62.71
160.20, -60.60
160.25, -132.57
160.30, 64.21
160.35, 7.13
160.40, -153.43
160.45, -43.87
160.50, -127.44
160.55, 91.33
160.60, 70.73
160.65, -162.81
160.70, -46.94
160.75, 175.29
160.80, -80.94
160.85, 56.81
160.90, 4.87
160.95, 125.31
161.00, 167.00
161.05, 64.88
161.10, 172.04
161.15, -22.11
161.20, -21.65
161.25, -7.12
161.30, -139.63
161.35, 167.51
161.40, -166.61
161.45, 143.32
161.50, 178.81
161.55, -157.67
161.60, 141.98
161.65, 61.94
161.70, -166.68
161.75, 147.39
161.80, -76.40
161.85, 166.27
161.90, 42.50
161.95, 1.84
162.00, -179.06
162.05, 122.34
162.10, -168.40
162.15, -113.55
162.20, 43.87
162.25, -127.05
162.30, 24.25
162.35, 9.20
162.40, -92.55
162.45, -124.07
162.50, 28.61
162.55, -124.10
162.60, 145.54
162.65, 178.94
162.70, -131.62
162.75, -175.22
162.80, -154.13
162.85, 7.83
162.90, 156.86
162.95, -15.06
163.00, -133.46
163.05, -114.09
163.10, 77.77
163.15, 107.11
163.20, -17.63
163.25, 77.04
163.30, 92.12
163.35, -177.89
163.40, 9.10
163.45, 143.60
163.50, -31.52
163.55, 35.12
163.60, 11.88
163.65, -154.23
163.70, 163.58
163.75, -171.20
163.80, 45.73
163.85, -134.98
163.90, 174.55
163.95, 70.51
164.00, -44.94
164.05, 69.19
164.10, -48.19
164.15, -20.47
164.20, 115.91
164.25, 168.66
164.30, 70.15
164.35, 86.91
164.40, 147.20
164.45, 26.41
164.50, 124.62
164.55, -125.05
164.60, 148.93
164.65, 177.26
164.70, 144.79
164.75, 73.00
164.80, -82.16
164.85, -166.64
164.90, -39.35
164.95, -21.14
165.00, 80.71
165.05, 80.88
165.10, -111.25
165.15, -54.47
165.20, 170.33
165.25, -171.62
165.30, -10.83
165.35, 138.46
165.40, 31.31
165.45, 23.02
165.50, 29.65
165.55, 74.82
165.60, -93.40
165.65, 114.62
165.70, -136.23
165.75, 76.37
165.80, 48.96
165.85, 164.35
165.90, -140.05
165.95, 77.32
166.00, -109.72
166.05, -27.79
166.10, 49.89
166.15, 126.33
166.20, -24.16
166.25, -3.69
166.30, -10.89
166.35, -123.72
166.40, -10.65
166.45, -69.04
166.50, -3.61
166.55, 130.32
166.60, 101.12
166.65, -123.85
166.70, -49.57
166.75, -137.42
166.80, -59.35
166.85, 148.02
166.90, 104.05
166.95, 27.37
167.00, -60.85
167.05, 138.07
167.10, 63.18
167.15, -155.99
167.20, -165.18
167.25, 142.00
167.30, -160.19
167.35, 25.82
167.40, -18.48
167.45, -52.73
167.50, -138.10
167.55, 156.58
167.60, 99.80
167.65, 54.66
167.70, 60.82
167.75, -149.18
167.80, 6.60
167.85, -147.47
167.90, 113.41
167.95, -98.60
168.00, -53.80
168.05, -3.07
168.10, 129.66
168.15, -81.70
168.20, -130.33
168.25, 16.50
168.30, 41.36
168.35, 154.64
168.40, -97.49
168.45, 77.98
168.50, 131.12
168.55, -74.13
168.60, -126.74
168.65, 148.84
168.70, -55.23
168.75, 65.77
168.80, -103.51
168.85, 125.33
168.90, 52.50
168.95, -89.39
169.00, 177.15
169.05, -65.68
169.10, 172.02
169.15, -133.30
169.20, 91.37
169.25, -123.78
169.30, 137.99
169.35, -28.71
169.40, -53.05
169.45, 29.21
169.50, 172.68
169.55, -92.11
169.60, -13.40
169.65, 179.08
169.70, 31.17
169.75, -177.08
169.80, -12.33
169.85, -97.06
169.90, 26.01
169.95, -54.97
170.00, 87.65
170.05, -156.72
170.10, 34.01
170.15, 47.22
170.20, -57.92
170.25, 131.93
170.30, 49.00
170.35, -101.85
170.40, -101.40
170.45, -59.52
170.50, -111.66
170.55, 66.27
170.60, 40.89
170.65, 24.00
170.70, -167.81
170.75, -162.77
170.80, -79.08
170.85, 179.90
170.90, 67.67
170.95, -92.58
171.00, 82.65
171.05, 81.93
171.10, -52.72
171.15, 157.32
171.20, -129.28
171.25, 45.44
171.30, -19.00
171.35, -109.11
171.40, -144.94
171.45, 63.05
171.50, -152.82
171.55, 170.63
171.60, -108.84
171.65, 125.62
171.70, -162.55
171.75, 163.95
171.80, -44.50
171.85, 20.27
171.90, 47.86
171.95, -86.00
172.00, 172.92
172.05, -1.05
172.10, 145.62
172.15, 176.13
172.20, 72.18
172.25, 65.71
172.30, -52.36
172.35, -151.05
172.40, 39.42
172.45, 92.88
172.50, 95.78
172.55, 164.58
172.60, 30.97
172.65, 2.54
172.70, 95.68
172.75, -61.21
172.80, -15.67
172.85, 168.89
172.90, 34.82
172.95, 175.40
173.00, 10.46
173.05, -169.08
173.10, 13.12
173.15, 47.36
173.20, 109.45
173.25, -149.24
173.30, 121.27
173.35, -67.50
173.40, 92.97
173.45, -114.82
173.50, -99.46
173.55, -90.36
173.60, 139.51
173.65, -103.99
173.70, -59.28
173.75, -140.24
173.80, -116.27
173.85, -71.69
173.90, -118.71
173.95, 39.23
174.00, -107.33
174.05, -38.43
174.10, 98.21
174.15, 80.30
174.20, -90.14
174.25, -47.61
174.30, -3.00
174.35, 4.29
174.40, -73.77
174.45, 80.28
174.50, 178.17
174.55, -131.52
174.60, 80.17
174.65, -171.83
174.70, -152.27
174.75, 136.73
174.80, 132.32
174.85, 145.67
174.90, -157.93
174.95, -70.69
175.00, 65.41
175.05, -30.01
175.10, 63.46
175.15, -63.41
175.20, -146.09
175.25, 41.05
175.30, 96.05
175.35, 112.83
175.40, -145.93
175.45, 168.95
175.50, -58.48
175.55, 75.39
175.60, 171.32
175.65, 30.07
175.70, -50.07
175.75, 112.41
175.80, -172.91
175.85, -107.15
175.90, -154.45
175.95, 79.61
176.00, -142.40
176.05, -53.09
176.10, 159.40
176.15, -86.68
176.20, 23.96
176.25, 136.63
176.30, -6.51
176.35, 139.42
176.40, 13.86
176.45, 149.61
176.50, -137.95
176.55, 139.60
176.60, -12.71
176.65, 112.82
176.70, 12.57
176.75, 8.03
176.80, -157.81
176.85, 159.62
176.90, 117.20
176.95, 160.66
177.00, 62.61
177.05, 137.26
177.10, -142.54
177.15, -116.59
177.20, -14.97
177.25, -27.74
177.30, 97.10
177.35, -2.79
177.40, 41.73
177.45, 62.64
177.50, -16.99
177.55, -81.31
177.60, 93.66
177.65, 10.16
177.70, -174.92
177.75, -176.02
177.80, -82.79
177.85, -133.97
177.90, 120.25
177.95, -85.29
178.00, 139.70
178.05, 106.12
178.10, 78.03
178.15, 121.25
178.20, 129.70
178.25, 30.66
178.30, 98.02
178.35, -43.23
178.40, -176.61
178.45, -94.28
178.50, -147.80
178.55, -134.77
178.60, 66.69
178.65, -45.01
178.70, 126.23
178.75, 109.20
178.80, -21.35
178.85, -47.27
178.90, 170.79
178.95, -86.46
179.00, -15.36
179.05, 107.86
179.10, -173.61
179.15, -63.99
179.20, 144.54
179.25, 105.86
179.30, 170.20
179.35, -98.95
179.40, -79.69
179.45, -94.27
179.50, 108.13
179.55, 109.93
179.60, 72.75
179.65, -168.55
179.70, -77.09
179.75, -159.55
179.80, 79.41
179.85, 134.29
179.90, -63.04
179.95, -167.30
180.00, 30.36
180.05, 37.63
180.10, -39.23
180.15, 3.11
180.20, -137.98
180.25, -97.70
180.30, -157.34
180.35, 86.38
180.40, -103.66
180.45, 15.11
180.50, -30.56
180.55, 150.53
180.60, 162.29
180.65, 122.83
180.70, -168.44
180.75, -31.10
180.80, 86.42
180.85, 141.13
180.90, -145.00
180.95, 57.88
181.00, -175.88
181.05, 8.63
181.10, 42.66
181.15, 126.13
181.20, -90.74
181.25, 147.87
181.30, -80.61
181.35, 106.77
181.40, 14.96
181.45, 92.85
181.50, -52.49
181.55, 46.19
181.60, 23.81
181.65, 178.19
181.70, -47.93
181.75, -107.89
181.80, -145.09
181.85, 170.83
181.90, 71.94
181.95, -9.90
182.00, -52.88
182.05, 102.54
182.10, -46.22
182.15, -134.01
182.20, -22.64
182.25, 128.26
182.30, 52.73
182.35, 149.10
182.40, 27.16
182.45, -72.79
182.50, -59.73
182.55, -125.20
182.60, 92.02
182.65, -99.85
182.70, -59.80
182.75, -137.36
182.80, 59.67
182.85, -118.48
182.90, 38.48
182.95, 149.73
183.00, -76.95
183.05, 71.76
183.10, 133.16
183.15, 67.30
183.20, 92.20
183.25, 26.32
183.30, -92.92
183.35, -172.51
183.40, 136.95
183.45, -155.76
183.50, 34.59
183.55, 31.47
183.60, 135.44
183.65, 11.40
183.70, -45.09
183.75, -19.17
183.80, -48.19
183.85, -127.81
183.90, -33.03
183.95, 0.31
184.00, -23.60
184.05, -96.11
184.10, -130.67
184.15, 167.08
184.20, 29.54
184.25, -137.67
184.30, 158.59
184.35, -80.59
184.40, 33.03
184.45, -92.18
184.50, -109.36
184.55, 113.55
184.60, 158.86
184.65, -74.74
184.70, 65.98
184.75, -178.28
184.80, -10.79
184.85, 56.71
184.90, -130.43
184.95, 47.09
185.00, 89.16
185.05, 36.21
185.10, 75.51
185.15, 15.37
185.20, -71.82
185.25, 93.71
185.30, -13.68
185.35, -59.93
185.40, -80.10
185.45, -179.66
185.50, 105.25
185.55, 121.67
185.60, -148.00
185.65, -83.63
185.70, -81.98
185.75, -116.01
185.80, 99.30
185.85, -26.20
185.90, 109.12
185.95, 52.31
186.00, -110.32
186.05, -155.33
186.10, -159.37
186.15, 50.98
186.20, -104.91
186.25, 117.96
186.30, -46.41
186.35, -60.13
186.40, 46.80
186.45, -92.38
186.50, 171.83
186.55, 112.74
186.60, -137.77
186.65, -24.43
186.70, -118.45
186.75, -166.91
186.80, -69.34
186.85, -147.40
186.90, 122.33
186.95, -142.36
187.00, -114.55
187.05, 168.75
187.10, 173.09
187.15, -136.55
187.20, 128.90
187.25, 171.75
187.30, -76.67
187.35, -101.32
187.40, -100.04
187.45, -135.53
187.50, -159.54
187.55, -39.73
187.60, -35.34
187.65, 58.36
187.70, -12.50
187.75, 126.84
187.80, 0.08
187.85, -7.58
187.90, -51.99
187.95, -138.99
188.00, -128.16
188.05, -8.90
188.10, -155.19
188.15, -7.92
188.20, 167.32
188.25, 54.41
188.30, -8.66
188.35, -68.74
188.40, -44.34
188.45, 6.62
188.50, -79.97
188.55, 158.10
188.60, -141.79
188.65, -131.22
188.70, 120.79
188.75, 15.14
188.80, 95.44
188.85, 70.44
188.90, 92.88
188.95, 6.67
189.00, 85.05
189.05, -121.28
189.10, -24.37
189.15, 0.02
189.20, 162.26
189.25, 14.20
189.30, -21.19
189.35, -73.97
189.40, 141.96
189.45, -92.35
189.50, 155.46
189.55, 10.72
189.60, 68.38
189.65, -175.02
189.70, -124.82
189.75, 26.65
189.80, 143.35
189.85, 11.86
189.90, -177.69
189.95, 109.19
190.00, 150.75
190.05, 162.01
190.10, 123.98
190.15, 0.67
190.20, 27.24
190.25, -62.38
190.30, 130.08
190.35, 94.59
190.40, 153.95
190.45, -136.41
190.50, 131.43
190.55, 24.04
190.60, -92.55
190.65, -163.10
190.70, -40.75
190.75, -61.84
190.80, 19.71
190.85, 67.22
190.90, -174.03
190.95, 5.61
191.00, -120.66
191.05, 175.72
191.10, -171.23
191.15, 22.48
191.20, -97.61
191.25, 37.25
191.30, 62.11
191.35, -103.08
191.40, -131.57
191.45, -32.16
191.50, -169.93
191.55, -72.96
191.60, -161.51
191.65, 5.01
191.70, -142.07
191.75, 12.75
191.80, 169.42
191.85, -32.34
191.90, 117.00
191.95, 118.56
192.00, 7.35
192.05, -101.19
192.10, 153.44
192.15, -178.40
192.20, -56.04
192.25, -67.76
192.30, 69.31
192.35, 84.20
192.40, -60.79
192.45, 147.27
192.50, -48.15
192.55, 28.15
192.60, -101.18
192.65, 77.62
192.70, 138.50
192.75, 94.49
192.80, -14.67
192.85, -130.31
192.90, 22.94
192.95, 37.45
193.00, 153.10
193.05, 101.44
193.10, -29.41
193.15, 162.27
193.20, -127.14
193.25, 4.73
193.30, -171.93
193.35, -42.16
193.40, 1.93
193.45, 156.04
193.50, -68.65
193.55, -13.86
193.60, 120.06
193.65, -107.01
193.70, -65.11
193.75, 20.68
193.80, -42.09
193.85, -64.97
193.90, -29.22
193.95, 28.72
194.00, 105.40
194.05, 61.16
194.10, 71.05
194.15, 49.64
194.20, 121.40
194.25, -43.49
194.30, -174.00
194.35, 10.60
194.40, -72.84
194.45, 20.18
194.50, 122.26
194.55, -163.79
194.60, -34.98
194.65, 175.53
194.70, -171.05
194.75, -131.69
194.80, -74.30
194.85, -108.20
194.90, -7.54
194.95, 35.22
195.00, -45.09
195.05, -49.63
195.10, 91.91
195.15, -21.74
195.20, 79.17
195.25, -175.90
195.30, -47.54
195.35, -152.73
195.40, 140.39
195.45, 125.27
195.50, -66.95
195.55, 88.40
195.60, 149.33
195.65, 171.21
195.70, -158.68
195.75, -122.97
195.80, -101.80
195.85, 94.77
195.90, -5.29
195.95, 76.63
196.00, -126.58
196.05, -49.55
196.10, 33.13
196.15, 38.07
196.20, -95.86
196.25, -18.02
196.30, 2.33
196.35, -35.47
196.40, -99.28
196.45, -45.30
196.50, 12.57
196.55, 62.58
196.60, -152.23
196.65, 111.36
196.70, 87.94
196.75, -80.03
196.80, -130.50
196.85, 177.70
196.90, 5.77
196.95, -64.31
197.00, 64.30
197.05, 4.28
197.10, 179.40
197.15, -86.64
197.20, 25.78
197.25, -123.42
197.30, 8.14
197.35, 17.65
197.40, 87.83
197.45, 146.02
197.50, -69.92
197.55, -8.95
197.60, -21.34
197.65, 47.24
197.70, -3.81
197.75, -162.93
197.80, -176.56
197.85, 26.43
197.90, -126.08
197.95, 104.12
198.00, 16.59
198.05, -57.08
198.10, -149.59
198.15, 146.92
198.20, 40.46
198.25, 70.13
198.30, 129.48
198.35, -111.05
198.40, 55.36
198.45, 117.36
198.50, -167.80
198.55, 166.67
198.60, -154.80
198.65, -148.88
198.70, 65.65
198.75, 5.88
198.80, -96.41
198.85, 73.85
198.90, 32.53
198.95, -11.25
199.00, -115.97
199.05, -34.74
199.10, 121.57
199.15, 85.86
199.20, 115.00
199.25, 176.14
199.30, 2.18
199.35, 43.90
199.40, 21.62
199.45, -13.59
199.50, 149.36
199.55, -69.61
199.60, 84.89
199.65, -62.76
199.70, -45.02
199.75, 71.30
199.80, -156.73
199.85, 141.59
199.90, 6.92
199.95, 64.67
200.00, 52.61
200.05, -91.70
200.10, -3.65
200.15, -65.62
200.20, -115.27
200.25, 109.06
200.30, -119.86
200.35, -169.27
200.40, -146.34
200.45, 38.71
200.50, -32.30
200.55, -171.16
200.60, 144.01
200.65, -99.68
200.70, -152.76
200.75, 157.45
200.80, -168.58
200.85, 173.77
200.90, 163.69
200.95, 22.85
201.00, 39.19
201.05, 29.23
201.10, -174.70
201.15, -0.22
201.20, -41.72
201.25, 14.39
201.30, -151.28
201.35, -50.94
201.40, -57.11
201.45, -45.73
201.50, 85.96
201.55, 53.06
201.60, 46.16
201.65, -40.38
201.70, -155.14
201.75, 9.09
201.80, 72.23
201.85, -135.47
201.90, 144.26
201.95, -95.37
202.00, -55.39
202.05, -54.74
202.10, -40.77
202.15, -50.47
202.20, 80.70
202.25, 105.73
202.30, -123.30
202.35, 69.16
202.40, -5.77
202.45, -21.69
202.50, 149.60
202.55, -126.49
202.60, -81.75
202.65, 76.94
202.70, -121.29
202.75, -163.99
202.80, 92.86
202.85, 33.60
202.90, 128.85
202.95, -128.90
203.00, 16.48
203.05, -130.87
203.10, -170.16
203.15, -149.65
203.20, -116.48
203.25, 38.19
203.30, -51.15
203.35, -60.29
203.40, -113.29
203.45, 67.70
203.50, 72.73
203.55, -102.04
203.60, -41.71
203.65, -157.92
203.70, -20.12
203.75, 1.40
203.80, 82.29
203.85, -106.04
203.90, -9.13
203.95, 94.71
204.00, 127.78
204.05, 94.43
204.10, -101.28
204.15, -17.33
204.20, 91.41
204.25, -54.43
204.30, -21.77
204.35, -21.23
204.40, 175.19
204.45, 70.00
204.50, -107.57
204.55, -63.40
204.60, -78.41
204.65, -60.42
204.70, -138.38
204.75, 19.53
204.80, -4.60
204.85, 44.92
204.90, 89.45
204.95, 137.40
205.00, 106.22
205.05, 93.15
205.10, 104.34
205.15, -120.91
205.20, 87.13
205.25, -169.14
205.30, -57.96
205.35, 12.16
205.40, -105.56
205.45, -163.20
205.50, 7.90
205.55, 21.27
205.60, -111.34
205.65, -88.45
205.70, 42.66
205.75, 3.37
205.80, 137.39
205.85, -131.08
205.90, 174.12
205.95, -24.35
206.00, 172.71
206.05, -26.05
206.10, 166.64
206.15, 92.09
206.20, -51.34
206.25, -58.98
206.30, -31.91
206.35, -109.37
206.40, 77.45
206.45, -129.30
206.50, 26.13
206.55, 177.53
206.60, 84.16
206.65, 3.29
206.70, 59.16
206.75, -129.59
206.80, 85.20
206.85, 9.91
206.90, -78.03
206.95, -122.21
207.00, -25.69
207.05, -34.89
207.10, 139.76
207.15, 114.92
207.20, 3.45
207.25, 69.67
207.30, 158.43
207.35, -4.48
207.40, 168.15
207.45, 55.98
207.50, 49.01
207.55, -165.09
207.60, 145.51
207.65, -131.43
207.70, -71.84
207.75, -113.75
207.80, 125.69
207.85, -23.20
207.90, -73.86
207.95, -102.17
208.00, -65.89
208.05, 58.48
208.10, -37.57
208.15, -91.87
208.20, -150.00
208.25, -149.47
208.30, -89.04
208.35, 104.25
208.40, 46.42
208.45, 139.51
208.50, -145.61
208.55, 108.91
208.60, 84.46
208.65, 158.64
208.70, 12.19
208.75, 108.09
208.80, 109.87
208.85, 88.41
208.90, -99.07
208.95, -41.78
209.00, -13.22
209.05, 73.47
209.10, 34.34
209.15, 175.03
209.20, 53.29
209.25, -144.41
209.30, -38.86
209.35, 159.02
209.40, 176.15
209.45, -162.98
209.50, -80.79
209.55, -165.35
209.60, 125.59
209.65, -173.47
209.70, -75.09
209.75, 19.12
209.80, 129.72
209.85, -130.61
209.90, 73.87
209.95, 174.15
210.00, 90.37
210.05, 162.76
210.10, 121.65
210.15, -32.70
210.20, -127.83
210.25, -124.70
210.30, 67.46
210.35, -11.31
210.40, 8.01
210.45, -144.66
210.50, 58.66
210.55, -27.17
210.60, 56.77
210.65, -123.77
210.70, 91.97
210.75, 94.83
210.80, -115.24
210.85, -91.62
210.90, -18.65
210.95, -21.02
211.00, 54.91
211.05, 81.18
211.10, -111.51
211.15, -124.76
211.20, -47.91
211.25, 10.24
211.30, 127.87
211.35, 121.46
211.40, -106.97
211.45, -1.94
211.50, -107.86
211.55, 175.18
211.60, 76.06
211.65, -179.21
211.70, 150.77
211.75, -50.19
211.80, -157.27
211.85, 14.27
211.90, 92.70
211.95, -48.50
212.00, -146.90
212.05, -179.79
212.10, 153.82
212.15, -134.16
212.20, -46.46
212.25, -43.07
212.30, 115.42
212.35, 13.50
212.40, -146.22
212.45, -173.90
212.50, -170.17
212.55, 62.45
212.60, 68.36
212.65, 30.74
212.70, 39.86
212.75, 62.05
212.80, -171.39
212.85, 82.60
212.90, -29.05
212.95, 173.75
213.00, 177.99
213.05, 35.12
213.10, -142.53
213.15, -20.21
213.20, -97.49
213.25, 46.66
213.30, -114.77
213.35, -94.71
213.40, 121.13
213.45, -80.59
213.50, -116.59
213.55, 137.63
213.60, -176.18
213.65, -132.47
213.70, -22.63
213.75, 141.30
213.80, -59.07
213.85, 101.73
213.90, -179.50
213.95, -165.19
214.00, -82.20
214.05, -147.74
214.10, -18.11
214.15, 126.02
214.20, 21.65
214.25, 109.79
214.30, 89.99
214.35, 140.77
214.40, -55.63
214.45, 106.71
214.50, -13.15
214.55, 72.83
214.60, 115.37
214.65, -97.34
214.70, 85.33
214.75, 45.32
214.80, -24.93
214.85, 100.58
214.90, -46.74
214.95, 99.03
215.00, -80.79
215.05, 29.59
215.10, -101.22
215.15, -148.65
215.20, -99.50
215.25, -132.08
215.30, 154.83
215.35, 124.98
215.40, -3.77
215.45, 79.82
215.50, 80.18
215.55, 152.70
215.60, -75.87
215.65, -107.32
215.70, -8.33
215.75, -28.51
215.80, 173.73
215.85, -72.49
215.90, -46.00
215.95, -129.88
216.00, 15.48
216.05, -52.41
216.10, 13.74
216.15, -147.14
216.20, 27.19
216.25, 120.68
216.30, 36.10
216.35, -134.29
216.40, -64.92
216.45, 6.90
216.50, -1.68
216.55, -171.00
216.60, 91.99
216.65, -93.93
216.70, 52.51
216.75, -27.31
216.80, 16.64
216.85, 150.33
216.90, -176.39
216.95, -41.26
217.00, -162.56
217.05, -172.60
217.10, -94.64
217.15, 58.05
217.20, -137.81
217.25, 174.50
217.30, 138.85
217.35, -135.38
217.40, -149.79
217.45, 63.13
217.50, 91.93
217.55, -18.83
217.60, 170.85
217.65, 128.91
217.70, 123.63
217.75, 4.89
217.80, -155.31
217.85, -68.74
217.90, -9.18
217.95, -107.90
218.00, -4.59
218.05, 130.41
218.10, -138.12
218.15, -133.29
218.20, -1.15
218.25, 92.68
218.30, -65.22
218.35, -55.09
218.40, 146.31
218.45, -66.42
218.50, 133.83
218.55, 45.89
218.60, -110.56
218.65, 37.02
218.70, -119.03
218.75, -70.48
218.80, 111.72
218.85, 71.77
218.90, -166.31
218.95, 47.99
219.00, 42.58
219.05, -123.08
219.10, -179.99
219.15, 24.84
219.20, 84.78
219.25, -36.30
219.30, -13.41
219.35, -115.71
219.40, -21.03
219.45, -6.92
219.50, 50.98
219.55, -108.11
219.60, 173.08
219.65, -42.52
219.70, -123.57
219.75, 32.77
219.80, 69.29
219.85, 38.91
219.90, -27.38
219.95, -30.26
220.00, -41.04
220.05, -150.25
220.10, 118.47
220.15, -147.97
220.20, 135.18
220.25, -129.16
220.30, -83.37
220.35, 40.21
220.40, -95.77
220.45, 69.32
220.50, -168.02
220.55, -69.44
220.60, 7.62
220.65, -59.80
220.70, 38.02
220.75, -113.46
220.80, -41.26
220.85, -87.28
220.90, -65.26
220.95, -110.78
221.00, 77.62
221.05, 22.93
221.10, 38.96
221.15, 127.20
221.20, 11.34
221.25, -157.88
221.30, 143.15
221.35, -137.33
221.40, 2.41
221.45, -154.12
221.50, 26.23
221.55, 50.15
221.60, 95.12
221.65, -64.60
221.70, -10.56
221.75, -174.25
221.80, -97.59
221.85, 13.53
221.90, -148.43
221.95, -114.61
222.00, -121.12
222.05, -90.83
222.10, 131.09
222.15, -125.25
222.20, 24.42
222.25, 137.82
222.30, -99.40
222.35, -51.99
222.40, -146.45
222.45, -163.22
222.50, 63.65
222.55, 42.46
222.60, -45.23
222.65, -164.33
222.70, -25.22
222.75, -91.31
222.80, 101.94
222.85, -108.76
222.90, 66.61
222.95, -12.15
223.00, 82.35
223.05, 107.76
223.10, -91.23
223.15, -14.32
223.20, -145.78
223.25, -77.84
223.30, -81.36
223.35, 144.34
223.40, -74.12
223.45, -48.51
223.50, -49.98
223.55, 164.31
223.60, -104.71
223.65, 176.69
223.70, 83.43
223.75, 48.09
223.80, -160.51
223.85, 176.91
223.90, 78.74
223.95, 20.27
224.00, 105.14
224.05, -45.81
224.10, 80.72
224.15, 59.42
224.20, -125.49
224.25, 53.70
224.30, -120.12
224.35, -117.53
224.40, 122.40
224.45, 170.95
224.50, 137.83
224.55, -112.75
224.60, -174.21
224.65, 135.75
224.70, -53.64
224.75, 27.66
224.80, 58.19
224.85, -72.54
224.90, 11.47
224.95, 104.87
225.00, -173.90
225.05, 134.41
225.10, 142.96
225.15, 149.00
225.20, -158.76
225.25, -158.11
225.30, -43.41
225.35, 66.25
225.40, 18.02
225.45, 50.05
225.50, -31.21
225.55, 95.38
225.60, 32.72
225.65, -152.64
225.70, 12.51
225.75, 50.63
225.80, -59.57
225.85, -127.93
225.90, 33.26
225.95, 24.96
226.00, -155.81
226.05, -123.91
226.10, -112.42
226.15, 79.92
226.20, -74.35
226.25, 102.73
226.30, 115.81
226.35, 134.34
226.40, -155.14
226.45, 90.69
226.50, -172.57
226.55, 141.19
226.60, 47.35
226.65, 26.32
226.70, -144.57
226.75, 63.44
226.80, 99.24
226.85, 96.97
226.90, -86.22
226.95, -75.72
227.00, -109.38
227.05, 115.37
227.10, 89.35
227.15, -51.17
227.20, 55.97
227.25, -142.49
227.30, -97.29
227.35, 104.29
227.40, 88.57
227.45, 166.15
227.50, 167.21
227.55, 8.30
227.60, -172.00
227.65, -173.11
227.70, -69.16
227.75, -71.48
227.80, -125.28
227.85, 115.80
227.90, -77.57
227.95, 50.67
228.00, -125.55
228.05, -29.15
228.10, 117.60
228.15, -44.81
228.20, -79.77
228.25, -51.22
228.30, 42.69
228.35, -119.62
228.40, 19.71
228.45, 44.57
228.50, 106.66
228.55, 13.73
228.60, -42.37
228.65, -35.40
228.70, 118.37
228.75, -42.10
228.80, -80.44
228.85, 156.30
228.90, 139.85
228.95, -106.00
229.00, 0.22
229.05, -80.48
229.10, -68.16
229.15, 7.28
229.20, -167.32
229.25, -118.00
229.30, -26.70
229.35, 87.38
229.40, 91.82
229.45, 95.52
229.50, 124.51
229.55, -114.02
229.60, -123.49
229.65, 93.67
229.70, -4.06
229.75, 97.11
229.80, 163.10
229.85, 14.12
229.90, -42.94
229.95, 76.13
230.00, -91.50
230.05, -121.64
230.10, 78.69
230.15, -23.54
230.20, 48.61
230.25, -161.85
230.30, -82.11
230.35, -172.85
230.40, -160.62
230.45, 51.68
230.50, 44.01
230.55, -86.98
230.60, 53.54
230.65, 70.12
230.70, -30.67
230.75, -19.64
230.80, -8.19
230.85, 86.25
230.90, -28.81
230.95, 177.12
231.00, -114.83
231.05, 124.76
231.10, -175.81
231.15, 27.85
231.20, -11.16
231.25, 22.08
231.30, -106.72
231.35, 95.53
231.40, 160.86
231.45, -165.28
231.50, -68.59
231.55, -48.08
231.60, 47.13
231.65, -86.87
231.70, -158.10
231.75, -120.79
231.80, -33.17
231.85, -60.77
231.90, 50.69
231.95, -21.69
232.00, 147.24
232.05, 86.55
232.10, -147.49
232.15, 163.05
232.20, -103.32
232.25, 63.90
232.30, 9.46
232.35, 13.80
232.40, -129.14
232.45, 45.12
232.50, -37.46
232.55, -113.44
232.60, -133.93
232.65, -60.40
232.70, -141.44
232.75, 43.64
232.80, -37.83
232.85, -45.52
232.90, -174.39
232.95, -0.11
233.00, 81.08
233.05, -28.03
233.10, -154.73
233.15, -13.75
233.20, -136.74
233.25, -2.69
233.30, -33.93
233.35, -5.21
233.40, 5.25
233.45, 50.15
233.50, -76.86
233.55, -8.35
233.60, 96.76
233.65, 155.83
233.70, -68.30
233.75, -168.00
233.80, 61.15
233.85, 154.47
233.90, 121.65
233.95, 77.28
234.00, 52.28
234.05, 91.78
234.10, 120.88
234.15, 1.10
234.20, 70.00
234.25, -98.88
234.30, -34.89
234.35, 18.04
234.40, -86.11
234.45, 0.37
234.50, 163.57
234.55, 121.45
234.60, -123.37
234.65, 98.86
234.70, -62.98
234.75, -159.09
234.80, 147.64
234.85, 144.81
234.90, 159.07
234.95, 100.96
235.00, 15.29
235.05, 158.41
235.10, -20.08
235.15, -170.43
235.20, -164.60
235.25, -50.39
235.30, -138.85
235.35, -95.31
235.40, -146.88
235.45, -76.21
235.50, -91.13
235.55, -178.73
235.60, 171.72
235.65, 8.33
235.70, 49.57
235.75, 86.03
235.80, 154.50
235.85, 78.36
235.90, 140.30
235.95, 139.87
236.00, -56.74
236.05, -123.98
236.10, 166.71
236.15, 123.17
236.20, 84.15
236.25, -145.62
236.30, 3.66
236.35, 25.18
236.40, 36.21
236.45, -176.48
236.50, -102.32
236.55, -97.68
236.60, -151.42
236.65, -100.85
236.70, -109.70
236.75, 29.36
236.80, 147.29
236.85, 130.46
236.90, -43.95
236.95, -91.16
237.00, -159.03
237.05, -79.43
237.10, -151.88
237.15, -126.47
237.20, -70.51
237.25, -121.25
237.30, -90.18
237.35, 83.10
237.40, 86.54
237.45, 34.79
237.50, -169.16
237.55, -98.03
237.60, -42.52
237.65, -101.61
237.70, -169.38
237.75, -152.56
237.80, 97.44
237.85, -46.73
237.90, -151.30
237.95, -97.70
238.00, 109.99
238.05, 122.55
238.10, 84.62
238.15, -17.57
238.20, -158.03
238.25, -172.69
238.30, -75.15
238.35, 16.74
238.40, 79.71
238.45, -60.05
238.50, 125.31
238.55, 107.26
238.60, -71.01
238.65, 157.74
238.70, -123.43
238.75, 24.26
238.80, 123.66
238.85, -25.58
238.90, -36.23
238.95, -159.03
239.00, -142.67
239.05, 5.90
239.10, -67.05
239.15, 92.58
239.20, 97.34
239.25, 103.78
239.30, 136.63
239.35, -131.00
239.40, -138.18
239.45, 80.00
239.50, 86.17
239.55, 16.91
239.60, -62.47
239.65, -60.99
239.70, -174.67
239.75, 135.00
239.80, 10.44
239.85, 60.16
239.90, -34.00
239.95, 95.54
240.00, 48.79
240.05, -103.77
240.10, -9.52
240.15, 127.18
240.20, 90.86
240.25, 52.50
240.30, 52.99
240.35, -96.35
240.40, 46.54
240.45, 23.79
240.50, -42.82
240.55, 65.85
240.60, -95.29
240.65, -84.03
240.70, 54.58
240.75, -125.70
240.80, -138.90
240.85, -160.65
240.90, -34.98
240.95, 120.45
241.00, -86.73
241.05, 114.43
241.10, 155.30
241.15, 146.63
241.20, -74.76
241.25, 19.79
241.30, -7.97
241.35, 53.71
241.40, -37.57
241.45, 160.77
241.50, -14.23
241.55, -128.52
241.60, -34.64
241.65, -73.19
241.70, -26.34
241.75, -133.16
241.80, -107.90
241.85, -126.11
241.90, 100.49
241.95, -91.53
242.00, 28.51
242.05, -139.39
242.10, -6.98
242.15, -10.46
242.20, 23.41
242.25, -174.35
242.30, 177.69
242.35, 110.75
242.40, -56.84
242.45, 88.96
242.50, 59.08
242.55, 118.96
242.60, -11.23
242.65, -6.77
242.70, -48.99
242.75, -148.68
242.80, -24.92
242.85, 179.38
242.90, 32.40
242.95, 75.36
243.00, -101.99
243.05, -104.48
243.10, 65.51
243.15, 15.84
243.20, -39.16
243.25, -120.60
243.30, 112.99
243.35, -40.43
243.40, 140.45
243.45, -70.91
243.50, 111.15
243.55, -10.24
243.60, 83.73
243.65, 160.22
243.70, 9.98
243.75, -126.44
243.80, -178.71
243.85, 82.09
243.90, -130.94
243.95, 168.71
244.00, -171.11
244.05, -167.25
244.10, 25.98
244.15, -13.62
244.20, -65.26
244.25, -83.47
244.30, -138.91
244.35, -160.23
244.40, 136.90
244.45, 41.70
244.50, -67.72
244.55, -107.89
244.60, 147.31
244.65, -25.70
244.70, -42.98
244.75, -0.01
244.80, -6.30
244.85, -74.90
244.90, 16.51
244.95, 26.45
245.00, 32.42
245.05, 17.14
245.10, -75.09
245.15, 105.41
245.20, -9.18
245.25, -54.08
245.30, 26.14
245.35, 170.76
245.40, -103.52
245.45, -8.37
245.50, 161.05
245.55, -108.40
245.60, -46.00
245.65, -16.33
245.70, 79.37
245.75, 9.22
245.80, -61.46
245.85, -175.27
245.90, 30.34
245.95, -57.73
246.00, 92.62
246.05, 35.00
246.10, -34.42
246.15, 50.60
246.20, -2.49
246.25, 119.47
246.30, 22.54
246.35, -16.71
246.40, -57.52
246.45, 163.81
246.50, -17.96
246.55, 148.05
246.60, 95.31
246.65, 146.61
246.70, -172.73
246.75, -132.48
246.80, -14.41
246.85, -102.20
246.90, -118.60
246.95, 105.56
247.00, -78.30
247.05, 117.29
247.10, 33.30
247.15, 18.73
247.20, -17.05
247.25, 90.36
247.30, -22.44
247.35, -97.70
247.40, 31.62
247.45, 78.76
247.50, 34.98
247.55, -74.95
247.60, -29.65
247.65, -133.42
247.70, 19.08
247.75, -4.12
247.80, 52.36
247.85, -73.48
247.90, -130.59
247.95, 64.73
248.00, 132.33
248.05, -66.11
248.10, -150.77
248.15, 6.41
248.20, -162.35
248.25, -18.31
248.30, -50.33
248.35, 63.11
248.40, -15.35
248.45, 109.20
248.50, -172.33
248.55, -21.83
248.60, 13.16
248.65, 111.14
248.70, 28.90
248.75, -97.89
248.80, 118.19
248.85, 77.03
248.90, 155.53
248.95, 148.00
249.00, -122.44
249.05, -118.89
249.10, -48.08
249.15, -49.78
249.20, -147.90
249.25, -84.34
249.30, 11.31
249.35, -57.74
249.40, -29.65
249.45, 120.42
249.50, 135.34
249.55, 100.41
249.60, 22.96
249.65, 37.17
249.70, 41.91
249.75, -5.70
249.80, 166.70
249.85, 12.12
249.90, 93.08
249.95, 81.36
