Частота (Гц), Амплитуда (дБ)
0.05, -41.25
0.10, -38.41
0.15, -34.18
0.20, -39.62
0.25, -26.79
0.30, -40.78
0.35, -38.04
0.40, -37.25
0.45, -33.64
0.50, -55.74
0.55, -38.77
0.60, -43.36
0.65, -39.71
0.70, -48.00
0.75, -32.53
0.80, -57.15
0.85, -48.48
0.90, -40.94
0.95, -40.84
1.00, -32.27
1.05, -42.22
1.10, -43.86
1.15, -41.57
1.20, -56.47
1.25, -38.01
1.30, -52.24
1.35, -42.46
1.40, -48.25
1.45, -41.20
1.50, -42.39
1.55, -54.45
1.60, -47.79
1.65, -48.72
1.70, -45.49
1.75, -51.50
1.80, -46.39
1.85, -50.95
1.90, -54.65
1.95, -50.13
2.00, -54.42
2.05, -47.53
2.10, -52.62
2.15, -55.48
2.20, -58.51
2.25, -58.59
2.30, -48.03
2.35, -46.53
2.40, -50.56
2.45, -61.42
2.50, -49.95
2.55, -46.27
2.60, -45.66
2.65, -47.78
2.70, -47.98
2.75, -61.14
2.80, -73.13
2.85, -49.58
2.90, -51.78
2.95, -50.71
3.00, -59.34
3.05, -57.56
3.10, -49.62
3.15, -45.07
3.20, -64.07
3.25, -56.97
3.30, -51.40
3.35, -52.74
3.40, -56.01
3.45, -45.38
3.50, -50.02
3.55, -48.02
3.60, -54.43
3.65, -59.57
3.70, -44.24
3.75, -47.28
3.80, -44.97
3.85, -46.57
3.90, -48.61
3.95, -55.97
4.00, -76.30
4.05, -47.08
4.10, -50.50
4.15, -51.72
4.20, -48.73
4.25, -57.81
4.30, -52.02
4.35, -50.09
4.40, -58.07
4.45, -47.98
4.50, -49.89
4.55, -48.20
4.60, -52.26
4.65, -53.47
4.70, -60.81
4.75, -52.09
4.80, -54.88
4.85, -63.82
4.90, -51.40
4.95, -58.21
5.00, -53.22
5.05, -48.48
5.10, -52.85
5.15, -53.57
5.20, -53.68
5.25, -58.89
5.30, -51.91
5.35, -53.76
5.40, -53.98
5.45, -46.35
5.50, -54.04
5.55, -58.09
5.60, -50.14
5.65, -53.26
5.70, -52.79
5.75, -54.02
5.80, -52.44
5.85, -53.33
5.90, -48.63
5.95, -61.19
6.00, -58.95
6.05, -52.23
6.10, -51.47
6.15, -50.16
6.20, -57.94
6.25, -52.69
6.30, -50.25
6.35, -51.03
6.40, -53.87
6.45, -54.14
6.50, -60.27
6.55, -51.22
6.60, -46.74
6.65, -57.50
6.70, -56.51
6.75, -50.66
6.80, -59.31
6.85, -56.98
6.90, -59.13
6.95, -56.20
7.00, -58.73
7.05, -50.18
7.10, -53.04
7.15, -54.16
7.20, -79.76
7.25, -52.08
7.30, -68.78
7.35, -63.00
7.40, -66.54
7.45, -62.03
7.50, -58.33
7.55, -60.95
7.60, -55.27
7.65, -52.55
7.70, -52.34
7.75, -52.77
7.80, -58.67
7.85, -54.04
7.90, -56.65
7.95, -60.14
8.00, -55.80
8.05, -55.80
8.10, -58.40
8.15, -67.12
8.20, -63.27
8.25, -54.57
8.30, -53.83
8.35, -53.23
8.40, -52.54
8.45, -54.93
8.50, -59.31
8.55, -54.29
8.60, -50.86
8.65, -58.88
8.70, -49.64
8.75, -50.10
8.80, -58.41
8.85, -48.99
8.90, -54.37
8.95, -52.37
9.00, -57.56
9.05, -55.54
9.10, -56.07
9.15, -60.31
9.20, -55.47
9.25, -69.71
9.30, -55.86
9.35, -56.19
9.40, -59.08
9.45, -54.50
9.50, -52.52
9.55, -66.08
9.60, -71.69
9.65, -54.51
9.70, -56.70
9.75, -57.57
9.80, -59.10
9.85, -54.65
9.90, -54.29
9.95, -63.59
10.00, -50.96
10.05, -59.00
10.10, -52.81
10.15, -53.10
10.20, -58.42
10.25, -53.51
10.30, -69.55
10.35, -51.45
10.40, -53.50
10.45, -51.09
10.50, -62.65
10.55, -49.74
10.60, -66.23
10.65, -57.63
10.70, -62.28
10.75, -63.73
10.80, -62.86
10.85, -58.18
10.90, -51.32
10.95, -53.20
11.00, -56.71
11.05, -55.94
11.10, -57.84
11.15, -52.89
11.20, -60.16
11.25, -60.78
11.30, -52.14
11.35, -49.96
11.40, -53.02
11.45, -58.69
11.50, -47.86
11.55, -49.83
11.60, -54.89
11.65, -56.24
11.70, -58.54
11.75, -55.04
11.80, -60.72
11.85, -52.83
11.90, -59.18
11.95, -55.31
12.00, -60.65
12.05, -64.86
12.10, -58.08
12.15, -55.74
12.20, -59.87
12.25, -68.86
12.30, -52.25
12.35, -63.51
12.40, -58.48
12.45, -58.97
12.50, -56.97
12.55, -62.54
12.60, -58.61
12.65, -55.88
12.70, -55.03
12.75, -51.12
12.80, -59.38
12.85, -62.40
12.90, -53.46
12.95, -56.99
13.00, -56.48
13.05, -67.03
13.10, -59.16
13.15, -51.32
13.20, -53.05
13.25, -48.31
13.30, -55.54
13.35, -57.56
13.40, -64.99
13.45, -59.61
13.50, -55.27
13.55, -51.00
13.60, -55.04
13.65, -60.83
13.70, -52.61
13.75, -51.13
13.80, -55.36
13.85, -54.41
13.90, -60.91
13.95, -52.67
14.00, -55.34
14.05, -57.42
14.10, -66.38
14.15, -62.61
14.20, -67.66
14.25, -56.20
14.30, -60.60
14.35, -52.51
14.40, -56.12
14.45, -56.38
14.50, -48.50
14.55, -55.22
14.60, -70.07
14.65, -56.80
14.70, -49.32
14.75, -47.62
14.80, -50.63
14.85, -52.73
14.90, -52.23
14.95, -60.83
15.00, -63.63
15.05, -51.38
15.10, -53.96
15.15, -58.84
15.20, -54.94
15.25, -52.34
15.30, -58.39
15.35, -52.25
15.40, -57.34
15.45, -57.13
15.50, -64.18
15.55, -63.56
15.60, -52.38
15.65, -51.68
15.70, -55.66
15.75, -53.99
15.80, -51.21
15.85, -52.03
15.90, -61.90
15.95, -64.87
16.00, -65.86
16.05, -59.59
16.10, -56.36
16.15, -54.23
16.20, -73.21
16.25, -58.09
16.30, -54.05
16.35, -73.73
16.40, -48.25
16.45, -52.35
16.50, -51.30
16.55, -57.35
16.60, -49.23
16.65, -58.86
16.70, -60.02
16.75, -61.06
16.80, -53.58
16.85, -51.32
16.90, -56.22
16.95, -62.22
17.00, -64.72
17.05, -72.49
17.10, -53.86
17.15, -52.96
17.20, -64.91
17.25, -59.16
17.30, -54.10
17.35, -53.59
17.40, -54.86
17.45, -55.90
17.50, -63.58
17.55, -55.41
17.60, -53.81
17.65, -61.51
17.70, -68.49
17.75, -51.03
17.80, -64.94
17.85, -55.75
17.90, -56.17
17.95, -56.50
18.00, -56.35
18.05, -52.02
18.10, -56.94
18.15, -52.86
18.20, -60.50
18.25, -51.58
18.30, -63.90
18.35, -57.20
18.40, -60.94
18.45, -55.08
18.50, -53.40
18.55, -55.30
18.60, -50.79
18.65, -57.99
18.70, -65.38
18.75, -59.35
18.80, -58.41
18.85, -55.23
18.90, -53.44
18.95, -60.44
19.00, -54.19
19.05, -52.04
19.10, -57.33
19.15, -57.85
19.20, -56.52
19.25, -52.18
19.30, -58.03
19.35, -54.26
19.40, -61.54
19.45, -57.82
19.50, -50.21
19.55, -52.98
19.60, -49.45
19.65, -70.15
19.70, -47.51
19.75, -53.59
19.80, -59.66
19.85, -63.20
19.90, -59.28
19.95, -49.81
20.00, -56.01
20.05, -61.41
20.10, -49.95
20.15, -54.61
20.20, -56.33
20.25, -53.62
20.30, -61.11
20.35, -65.65
20.40, -52.27
20.45, -54.87
20.50, -59.69
20.55, -53.11
20.60, -75.53
20.65, -52.66
20.70, -54.97
20.75, -54.55
20.80, -58.84
20.85, -58.86
20.90, -48.03
20.95, -64.05
21.00, -63.47
21.05, -59.63
21.10, -63.31
21.15, -56.80
21.20, -50.49
21.25, -57.28
21.30, -64.16
21.35, -72.09
21.40, -52.35
21.45, -51.23
21.50, -53.80
21.55, -73.02
21.60, -57.72
21.65, -61.56
21.70, -54.59
21.75, -56.75
21.80, -50.95
21.85, -58.09
21.90, -67.62
21.95, -53.41
22.00, -66.01
22.05, -53.96
22.10, -56.83
22.15, -68.88
22.20, -66.78
22.25, -52.51
22.30, -66.69
22.35, -57.36
22.40, -60.56
22.45, -53.58
22.50, -52.60
22.55, -53.46
22.60, -61.30
22.65, -57.80
22.70, -58.50
22.75, -52.75
22.80, -52.82
22.85, -55.55
22.90, -51.63
22.95, -49.57
23.00, -59.08
23.05, -56.71
23.10, -57.83
23.15, -62.41
23.20, -49.45
23.25, -64.04
23.30, -55.29
23.35, -64.15
23.40, -51.38
23.45, -52.69
23.50, -60.00
23.55, -57.41
23.60, -55.60
23.65, -52.62
23.70, -67.65
23.75, -53.58
23.80, -61.37
23.85, -54.36
23.90, -66.43
23.95, -52.15
24.00, -59.83
24.05, -50.74
24.10, -58.02
24.15, -61.57
24.20, -63.67
24.25, -53.58
24.30, -60.17
24.35, -59.70
24.40, -57.93
24.45, -52.71
24.50, -55.04
24.55, -59.01
24.60, -73.77
24.65, -49.13
24.70, -56.08
24.75, -56.34
24.80, -53.75
24.85, -59.04
24.90, -78.70
24.95, -57.92
25.00, -51.73
25.05, -57.76
25.10, -54.17
25.15, -65.38
25.20, -50.43
25.25, -61.81
25.30, -58.79
25.35, -54.21
25.40, -55.26
25.45, -54.35
25.50, -54.61
25.55, -56.43
25.60, -53.60
25.65, -54.31
25.70, -52.50
25.75, -70.83
25.80, -56.07
25.85, -54.78
25.90, -55.18
25.95, -56.58
26.00, -52.34
26.05, -58.06
26.10, -82.87
26.15, -55.08
26.20, -59.28
26.25, -67.30
26.30, -54.74
26.35, -53.90
26.40, -60.67
26.45, -56.32
26.50, -72.28
26.55, -60.78
26.60, -51.71
26.65, -52.79
26.70, -58.99
26.75, -64.13
26.80, -49.53
26.85, -56.08
26.90, -53.26
26.95, -61.64
27.00, -60.39
27.05, -56.88
27.10, -60.79
27.15, -56.53
27.20, -58.66
27.25, -61.33
27.30, -55.53
27.35, -52.88
27.40, -60.18
27.45, -56.57
27.50, -60.38
27.55, -60.02
27.60, -51.78
27.65, -68.98
27.70, -56.05
27.75, -56.87
27.80, -70.09
27.85, -54.85
27.90, -68.46
27.95, -58.09
28.00, -56.20
28.05, -52.98
28.10, -59.34
28.15, -51.85
28.20, -54.61
28.25, -60.98
28.30, -59.10
28.35, -60.70
28.40, -58.03
28.45, -52.45
28.50, -57.19
28.55, -49.86
28.60, -53.65
28.65, -61.71
28.70, -52.91
28.75, -68.88
28.80, -66.55
28.85, -54.30
28.90, -54.54
28.95, -74.84
29.00, -57.02
29.05, -54.82
29.10, -55.70
29.15, -54.27
29.20, -55.71
29.25, -77.49
29.30, -57.28
29.35, -91.38
29.40, -48.91
29.45, -56.22
29.50, -61.72
29.55, -52.38
29.60, -51.62
29.65, -60.69
29.70, -52.75
29.75, -51.94
29.80, -53.75
29.85, -62.59
29.90, -50.43
29.95, -53.34
30.00, -56.67
30.05, -49.14
30.10, -69.30
30.15, -50.11
30.20, -56.46
30.25, -55.59
30.30, -53.52
30.35, -59.98
30.40, -54.33
30.45, -55.93
30.50, -55.40
30.55, -60.45
30.60, -50.85
30.65, -58.90
30.70, -69.79
30.75, -51.85
30.80, -56.30
30.85, -56.26
30.90, -56.75
30.95, -52.87
31.00, -54.87
31.05, -56.95
31.10, -52.91
31.15, -54.36
31.20, -54.16
31.25, -57.77
31.30, -63.00
31.35, -69.44
31.40, -51.69
31.45, -50.75
31.50, -57.02
31.55, -54.43
31.60, -63.95
31.65, -54.85
31.70, -52.23
31.75, -60.28
31.80, -53.44
31.85, -60.12
31.90, -49.83
31.95, -50.76
32.00, -56.46
32.05, -59.62
32.10, -53.81
32.15, -57.38
32.20, -71.91
32.25, -63.79
32.30, -63.29
32.35, -55.73
32.40, -58.14
32.45, -57.90
32.50, -61.73
32.55, -58.04
32.60, -57.31
32.65, -53.25
32.70, -55.04
32.75, -54.25
32.80, -64.59
32.85, -66.31
32.90, -63.58
32.95, -60.36
33.00, -54.05
33.05, -65.63
33.10, -51.76
33.15, -51.44
33.20, -63.03
33.25, -54.04
33.30, -59.69
33.35, -51.22
33.40, -56.86
33.45, -51.23
33.50, -62.35
33.55, -56.25
33.60, -62.96
33.65, -51.04
33.70, -53.87
33.75, -52.80
33.80, -47.26
33.85, -56.03
33.90, -64.61
33.95, -50.20
34.00, -59.29
34.05, -56.63
34.10, -57.44
34.15, -54.55
34.20, -64.42
34.25, -58.99
34.30, -73.86
34.35, -66.92
34.40, -70.08
34.45, -62.32
34.50, -54.06
34.55, -55.97
34.60, -56.19
34.65, -56.42
34.70, -56.94
34.75, -58.41
34.80, -53.23
34.85, -57.75
34.90, -59.17
34.95, -62.95
35.00, -64.01
35.05, -58.01
35.10, -60.99
35.15, -54.53
35.20, -54.37
35.25, -68.07
35.30, -72.90
35.35, -53.75
35.40, -53.44
35.45, -59.57
35.50, -65.18
35.55, -63.30
35.60, -68.12
35.65, -50.07
35.70, -57.71
35.75, -52.76
35.80, -51.48
35.85, -58.75
35.90, -59.17
35.95, -52.22
36.00, -60.02
36.05, -63.57
36.10, -59.81
36.15, -52.52
36.20, -57.01
36.25, -59.20
36.30, -63.79
36.35, -56.16
36.40, -61.58
36.45, -63.62
36.50, -61.92
36.55, -53.25
36.60, -54.49
36.65, -55.99
36.70, -55.78
36.75, -54.81
36.80, -49.39
36.85, -57.64
36.90, -51.25
36.95, -53.50
37.00, -61.55
37.05, -51.18
37.10, -59.04
37.15, -49.88
37.20, -57.43
37.25, -56.33
37.30, -48.80
37.35, -55.02
37.40, -57.34
37.45, -61.47
37.50, -56.55
37.55, -68.06
37.60, -62.02
37.65, -53.71
37.70, -55.36
37.75, -59.89
37.80, -72.90
37.85, -52.64
37.90, -52.28
37.95, -57.91
38.00, -50.41
38.05, -56.65
38.10, -95.66
38.15, -52.87
38.20, -56.83
38.25, -57.79
38.30, -61.22
38.35, -59.70
38.40, -58.59
38.45, -62.49
38.50, -52.84
38.55, -59.17
38.60, -83.05
38.65, -58.74
38.70, -62.52
38.75, -55.77
38.80, -63.46
38.85, -58.98
38.90, -61.30
38.95, -54.78
39.00, -65.56
39.05, -58.12
39.10, -63.21
39.15, -52.76
39.20, -57.15
39.25, -62.55
39.30, -57.29
39.35, -56.60
39.40, -49.27
39.45, -71.21
39.50, -54.41
39.55, -56.08
39.60, -50.84
39.65, -55.07
39.70, -66.03
39.75, -54.88
39.80, -49.32
39.85, -73.74
39.90, -45.01
39.95, -54.04
40.00, -51.83
40.05, -50.28
40.10, -44.11
40.15, -56.90
40.20, -57.08
40.25, -48.75
40.30, -44.90
40.35, -49.37
40.40, -42.80
40.45, -62.13
40.50, -40.43
40.55, -44.11
40.60, -42.80
40.65, -50.09
40.70, -50.17
40.75, -43.85
40.80, -49.18
40.85, -41.39
40.90, -45.43
40.95, -38.15
41.00, -39.96
41.05, -48.37
41.10, -43.90
41.15, -38.28
41.20, -50.80
41.25, -53.44
41.30, -46.63
41.35, -35.97
41.40, -35.70
41.45, -34.19
41.50, -38.06
41.55, -42.92
41.60, -40.16
41.65, -35.03
41.70, -45.66
41.75, -41.38
41.80, -42.12
41.85, -44.96
41.90, -33.73
41.95, -39.45
42.00, -38.11
42.05, -40.78
42.10, -31.68
42.15, -38.64
42.20, -43.20
42.25, -34.51
42.30, -32.73
42.35, -38.51
42.40, -41.45
42.45, -36.83
42.50, -39.36
42.55, -36.71
42.60, -29.35
42.65, -35.22
42.70, -33.45
42.75, -30.07
42.80, -31.03
42.85, -35.53
42.90, -34.18
42.95, -33.27
43.00, -31.33
43.05, -34.91
43.10, -36.02
43.15, -27.15
43.20, -38.32
43.25, -38.47
43.30, -32.58
43.35, -34.73
43.40, -29.14
43.45, -29.95
43.50, -28.23
43.55, -38.95
43.60, -26.25
43.65, -26.55
43.70, -37.37
43.75, -31.73
43.80, -31.76
43.85, -28.94
43.90, -28.50
43.95, -30.70
44.00, -31.90
44.05, -43.14
44.10, -36.03
44.15, -25.37
44.20, -26.81
44.25, -28.51
44.30, -24.20
44.35, -30.91
44.40, -30.73
44.45, -34.46
44.50, -41.10
44.55, -53.11
44.60, -29.82
44.65, -29.76
44.70, -38.80
44.75, -23.62
44.80, -30.38
44.85, -22.96
44.90, -34.47
44.95, -31.85
45.00, -21.26
45.05, -23.46
45.10, -40.94
45.15, -30.86
45.20, -26.39
45.25, -25.39
45.30, -33.92
45.35, -30.76
45.40, -24.88
45.45, -29.36
45.50, -26.69
45.55, -55.71
45.60, -26.04
45.65, -25.59
45.70, -25.10
45.75, -26.38
45.80, -33.37
45.85, -28.90
45.90, -21.57
45.95, -26.24
46.00, -28.65
46.05, -22.20
46.10, -26.94
46.15, -34.69
46.20, -29.07
46.25, -44.94
46.30, -36.88
46.35, -23.58
46.40, -21.77
46.45, -30.11
46.50, -26.70
46.55, -18.58
46.60, -20.48
46.65, -19.96
46.70, -44.11
46.75, -24.31
46.80, -26.92
46.85, -27.73
46.90, -30.70
46.95, -21.78
47.00, -25.16
47.05, -33.37
47.10, -26.43
47.15, -31.40
47.20, -28.05
47.25, -29.00
47.30, -36.08
47.35, -24.05
47.40, -31.05
47.45, -27.03
47.50, -41.29
47.55, -29.20
47.60, -28.05
47.65, -31.32
47.70, -24.76
47.75, -25.61
47.80, -22.87
47.85, -23.61
47.90, -22.72
47.95, -21.09
48.00, -27.49
48.05, -18.73
48.10, -23.59
48.15, -25.69
48.20, -23.20
48.25, -31.53
48.30, -20.19
48.35, -31.79
48.40, -26.52
48.45, -26.83
48.50, -26.97
48.55, -22.26
48.60, -18.34
48.65, -21.11
48.70, -17.93
48.75, -25.06
48.80, -22.54
48.85, -22.84
48.90, -29.54
48.95, -22.62
49.00, -26.08
49.05, -27.00
49.10, -36.27
49.15, -34.51
49.20, -19.95
49.25, -27.05
49.30, -26.56
49.35, -24.69
49.40, -39.96
49.45, -23.09
49.50, -27.85
49.55, -30.48
49.60, -25.26
49.65, -29.70
49.70, -20.05
49.75, -33.41
49.80, -21.22
49.85, -28.59
49.90, -25.02
49.95, -33.03
50.00, -27.31
50.05, -20.74
50.10, -30.64
50.15, -23.59
50.20, -23.36
50.25, -20.51
50.30, -21.61
50.35, -20.42
50.40, -28.53
50.45, -17.49
50.50, -27.20
50.55, -24.64
50.60, -19.89
50.65, -36.15
50.70, -21.47
50.75, -23.37
50.80, -17.62
50.85, -21.78
50.90, -24.28
50.95, -35.50
51.00, -28.32
51.05, -21.89
51.10, -23.06
51.15, -27.82
51.20, -39.47
51.25, -18.29
51.30, -20.49
51.35, -19.74
51.40, -27.70
51.45, -23.35
51.50, -26.86
51.55, -21.83
51.60, -15.71
51.65, -20.56
51.70, -18.25
51.75, -13.89
51.80, -18.11
51.85, -19.41
51.90, -23.75
51.95, -27.66
52.00, -22.30
52.05, -24.40
52.10, -18.91
52.15, -16.68
52.20, -17.20
52.25, -15.33
52.30, -28.74
52.35, -16.19
52.40, -23.83
52.45, -19.35
52.50, -21.46
52.55, -18.41
52.60, -21.02
52.65, -28.57
52.70, -17.97
52.75, -25.26
52.80, -46.57
52.85, -17.33
52.90, -22.79
52.95, -28.03
53.00, -32.52
53.05, -19.56
53.10, -21.21
53.15, -23.63
53.20, -32.63
53.25, -22.19
53.30, -22.24
53.35, -16.30
53.40, -20.81
53.45, -21.52
53.50, -23.70
53.55, -15.75
53.60, -24.24
53.65, -17.33
53.70, -19.09
53.75, -21.50
53.80, -26.70
53.85, -19.36
53.90, -19.40
53.95, -21.66
54.00, -17.54
54.05, -22.28
54.10, -15.73
54.15, -24.79
54.20, -20.38
54.25, -24.30
54.30, -31.50
54.35, -26.40
54.40, -19.06
54.45, -14.58
54.50, -27.41
54.55, -26.10
54.60, -15.57
54.65, -17.47
54.70, -20.04
54.75, -18.29
54.80, -16.56
54.85, -20.37
54.90, -22.86
54.95, -18.54
55.00, -20.36
55.05, -17.22
55.10, -38.35
55.15, -20.17
55.20, -27.36
55.25, -23.67
55.30, -15.68
55.35, -17.30
55.40, -12.17
55.45, -18.93
55.50, -38.07
55.55, -33.11
55.60, -20.71
55.65, -9.95
55.70, -18.37
55.75, -30.52
55.80, -17.63
55.85, -27.07
55.90, -18.05
55.95, -18.55
56.00, -10.79
56.05, -16.27
56.10, -30.16
56.15, -22.24
56.20, -23.02
56.25, -21.97
56.30, -21.83
56.35, -14.69
56.40, -14.47
56.45, -24.49
56.50, -20.08
56.55, -21.80
56.60, -29.48
56.65, -35.06
56.70, -15.36
56.75, -23.04
56.80, -15.54
56.85, -18.10
56.90, -20.41
56.95, -14.03
57.00, -26.47
57.05, -42.42
57.10, -20.10
57.15, -12.10
57.20, -20.04
57.25, -29.67
57.30, -20.72
57.35, -15.90
57.40, -18.85
57.45, -18.58
57.50, -17.81
57.55, -14.17
57.60, -26.81
57.65, -13.66
57.70, -21.15
57.75, -21.84
57.80, -28.95
57.85, -18.41
57.90, -30.17
57.95, -29.72
58.00, -20.78
58.05, -25.74
58.10, -30.92
58.15, -17.80
58.20, -15.28
58.25, -23.52
58.30, -29.15
58.35, -12.21
58.40, -21.16
58.45, -24.17
58.50, -34.29
58.55, -9.68
58.60, -14.68
58.65, -16.87
58.70, -12.16
58.75, -8.14
58.80, -13.53
58.85, -27.49
58.90, -14.92
58.95, -16.06
59.00, -15.64
59.05, -12.66
59.10, -17.90
59.15, -14.49
59.20, -14.42
59.25, -19.54
59.30, -10.84
59.35, -12.74
59.40, -18.54
59.45, -20.71
59.50, -21.66
59.55, -15.23
59.60, -19.11
59.65, -16.53
59.70, -21.97
59.75, -12.50
59.80, -16.77
59.85, -17.28
59.90, -17.18
59.95, -17.22
60.00, -13.70
60.05, -14.80
60.10, -8.89
60.15, -18.65
60.20, -11.85
60.25, -17.86
60.30, -12.51
60.35, -11.86
60.40, -21.84
60.45, -15.67
60.50, -18.65
60.55, -14.12
60.60, -16.87
60.65, -12.53
60.70, -12.48
60.75, -16.80
60.80, -17.55
60.85, -15.40
60.90, -11.65
60.95, -22.37
61.00, -34.05
61.05, -30.51
61.10, -15.68
61.15, -11.82
61.20, -11.84
61.25, -9.87
61.30, -20.67
61.35, -28.75
61.40, -21.66
61.45, -15.97
61.50, -15.69
61.55, -11.94
61.60, -18.33
61.65, -24.05
61.70, -19.65
61.75, -11.94
61.80, -22.26
61.85, -23.79
61.90, -17.93
61.95, -13.49
62.00, -11.98
62.05, -13.99
62.10, -19.06
62.15, -17.53
62.20, -12.98
62.25, -28.05
62.30, -16.00
62.35, -16.75
62.40, -16.47
62.45, -16.66
62.50, -13.08
62.55, -18.40
62.60, -14.41
62.65, -13.28
62.70, -10.11
62.75, -11.27
62.80, -14.63
62.85, -11.68
62.90, -18.69
62.95, -15.75
63.00, -17.44
63.05, -15.99
63.10, -9.38
63.15, -13.56
63.20, -14.48
63.25, -14.81
63.30, -19.68
63.35, -12.25
63.40, -11.38
63.45, -23.65
63.50, -16.57
63.55, -13.78
63.60, -14.75
63.65, -23.87
63.70, -9.68
63.75, -24.83
63.80, -12.39
63.85, -11.58
63.90, -29.38
63.95, -18.23
64.00, -17.56
64.05, -10.71
64.10, -12.24
64.15, -14.88
64.20, -15.78
64.25, -34.14
64.30, -14.28
64.35, -29.51
64.40, -25.83
64.45, -18.61
64.50, -19.98
64.55, -19.08
64.60, -12.22
64.65, -15.92
64.70, -19.06
64.75, -19.70
64.80, -18.27
64.85, -17.15
64.90, -19.07
64.95, -15.15
65.00, -23.22
65.05, -22.39
65.10, -19.50
65.15, -26.64
65.20, -10.74
65.25, -17.05
65.30, -13.68
65.35, -18.20
65.40, -13.60
65.45, -27.47
65.50, -17.86
65.55, -26.15
65.60, -14.78
65.65, -13.04
65.70, -12.37
65.75, -11.36
65.80, -12.93
65.85, -18.42
65.90, -14.57
65.95, -23.94
66.00, -18.27
66.05, -15.39
66.10, -10.82
66.15, -14.07
66.20, -12.53
66.25, -11.37
66.30, -15.62
66.35, -7.62
66.40, -18.72
66.45, -15.66
66.50, -12.59
66.55, -13.05
66.60, -15.62
66.65, -11.59
66.70, -20.84
66.75, -13.15
66.80, -9.06
66.85, -9.04
66.90, -11.81
66.95, -13.08
67.00, -15.84
67.05, -7.55
67.10, -18.31
67.15, -19.94
67.20, -17.48
67.25, -21.59
67.30, -29.71
67.35, -12.90
67.40, -24.53
67.45, -12.96
67.50, -9.69
67.55, -17.25
67.60, -18.19
67.65, -8.45
67.70, -7.21
67.75, -14.61
67.80, -13.09
67.85, -19.97
67.90, -13.57
67.95, -11.90
68.00, -10.67
68.05, -11.15
68.10, -17.05
68.15, -21.10
68.20, -12.46
68.25, -13.51
68.30, -23.66
68.35, -8.84
68.40, -13.17
68.45, -22.90
68.50, -12.40
68.55, -7.32
68.60, -10.11
68.65, -15.36
68.70, -14.76
68.75, -10.89
68.80, -29.66
68.85, -13.17
68.90, -14.65
68.95, -17.69
69.00, -21.07
69.05, -16.28
69.10, -14.24
69.15, -10.48
69.20, -12.78
69.25, -10.58
69.30, -19.12
69.35, -9.89
69.40, -5.99
69.45, -8.08
69.50, -15.13
69.55, -11.13
69.60, -8.61
69.65, -26.70
69.70, -10.69
69.75, -11.24
69.80, -11.01
69.85, -16.52
69.90, -18.03
69.95, -19.99
70.00, -10.38
70.05, -14.74
70.10, -6.43
70.15, -17.72
70.20, -13.56
70.25, -12.97
70.30, -8.21
70.35, -14.17
70.40, -14.56
70.45, -19.18
70.50, -10.92
70.55, -12.41
70.60, -14.24
70.65, -10.88
70.70, -10.16
70.75, -12.99
70.80, -17.05
70.85, -10.57
70.90, -11.29
70.95, -13.51
71.00, -7.70
71.05, -11.86
71.10, -11.09
71.15, -17.08
71.20, -29.77
71.25, -14.63
71.30, -20.67
71.35, -9.16
71.40, -11.59
71.45, -11.24
71.50, -16.60
71.55, -10.27
71.60, -12.88
71.65, -10.50
71.70, -16.98
71.75, -20.01
71.80, -11.98
71.85, -18.49
71.90, -6.05
71.95, -24.19
72.00, -7.90
72.05, -13.68
72.10, -18.82
72.15, -9.53
72.20, -4.94
72.25, -19.52
72.30, -16.90
72.35, -11.35
72.40, -3.25
72.45, -8.26
72.50, -13.34
72.55, -12.05
72.60, -14.59
72.65, -8.06
72.70, -8.49
72.75, -13.18
72.80, -19.42
72.85, -6.23
72.90, -9.56
72.95, -37.00
73.00, -16.70
73.05, -15.52
73.10, -8.18
73.15, -12.56
73.20, -18.20
73.25, -12.13
73.30, -9.33
73.35, -17.08
73.40, -8.62
73.45, -20.89
73.50, -13.07
73.55, -10.56
73.60, -18.98
73.65, -9.82
73.70, -17.11
73.75, -11.00
73.80, -9.99
73.85, -6.68
73.90, -6.07
73.95, -12.21
74.00, -6.76
74.05, -10.36
74.10, -14.72
74.15, -11.82
74.20, -11.57
74.25, -18.01
74.30, -15.15
74.35, -9.80
74.40, -9.37
74.45, -3.27
74.50, -0.43
74.55, -7.41
74.60, -11.00
74.65, -12.82
74.70, -5.17
74.75, -12.97
74.80, -14.37
74.85, -5.83
74.90, -6.27
74.95, -14.43
75.00, -21.37
75.05, -6.61
75.10, -10.40
75.15, -13.98
75.20, -9.75
75.25, -12.66
75.30, -6.63
75.35, -10.02
75.40, -24.73
75.45, -9.68
75.50, -7.67
75.55, -8.44
75.60, -9.71
75.65, -13.11
75.70, -12.74
75.75, -5.16
75.80, -6.85
75.85, -1.26
75.90, -5.37
75.95, -7.38
76.00, -14.34
76.05, -10.98
76.10, 0.08
76.15, -2.09
76.20, -4.27
76.25, -5.86
76.30, -17.41
76.35, -9.19
76.40, -2.67
76.45, -11.77
76.50, -4.09
76.55, -2.02
76.60, -5.57
76.65, -0.14
76.70, -8.15
76.75, -9.12
76.80, -10.06
76.85, -2.69
76.90, -10.58
76.95, -8.16
77.00, -12.18
77.05, -10.79
77.10, -6.79
77.15, -16.96
77.20, -11.05
77.25, -30.85
77.30, -8.14
77.35, -10.66
77.40, -10.75
77.45, -4.83
77.50, -10.25
77.55, -8.87
77.60, -12.55
77.65, -8.57
77.70, -13.12
77.75, -5.70
77.80, -15.37
77.85, -16.07
77.90, -8.26
77.95, -7.96
78.00, -4.72
78.05, -6.02
78.10, -8.83
78.15, -1.49
78.20, -7.73
78.25, -5.55
78.30, -15.57
78.35, -6.12
78.40, -4.66
78.45, -8.04
78.50, -17.29
78.55, -19.51
78.60, -7.34
78.65, -9.98
78.70, -4.49
78.75, -10.66
78.80, -24.28
78.85, -23.48
78.90, -24.39
78.95, -7.81
79.00, -18.49
79.05, -8.82
79.10, -7.23
79.15, -6.20
79.20, -19.98
79.25, -8.36
79.30, -10.01
79.35, -12.19
79.40, -9.37
79.45, -0.29
79.50, -7.42
79.55, -9.65
79.60, -21.34
79.65, -4.62
79.70, -7.12
79.75, -14.66
79.80, -16.02
79.85, -9.18
79.90, -23.37
79.95, -18.97
80.00, -16.58
80.05, -14.14
80.10, -21.90
80.15, -8.38
80.20, -7.74
80.25, -15.21
80.30, -8.20
80.35, -15.67
80.40, -23.66
80.45, -11.86
80.50, -8.08
80.55, -5.94
80.60, -7.23
80.65, -5.71
80.70, -15.99
80.75, -11.05
80.80, -9.63
80.85, -6.17
80.90, -11.44
80.95, -14.14
81.00, -12.91
81.05, -17.33
81.10, -4.77
81.15, -20.74
81.20, -7.93
81.25, -5.00
81.30, -11.06
81.35, -13.10
81.40, -8.36
81.45, -19.04
81.50, -0.96
81.55, -3.68
81.60, -11.50
81.65, -20.97
81.70, -9.81
81.75, -10.86
81.80, -19.30
81.85, -12.07
81.90, -20.27
81.95, -4.14
82.00, -9.25
82.05, -17.65
82.10, -12.75
82.15, -11.92
82.20, -10.10
82.25, -2.84
82.30, -7.79
82.35, -9.95
82.40, -7.33
82.45, -12.16
82.50, -18.66
82.55, -7.19
82.60, -13.49
82.65, -16.75
82.70, -2.90
82.75, -8.53
82.80, -3.51
82.85, -3.36
82.90, -11.06
82.95, -11.78
83.00, -14.06
83.05, -10.49
83.10, -2.27
83.15, -4.67
83.20, -8.85
83.25, -3.43
83.30, -12.94
83.35, -9.67
83.40, -8.34
83.45, -2.86
83.50, -7.94
83.55, -8.56
83.60, -4.34
83.65, -8.26
83.70, -14.02
83.75, -6.97
83.80, -13.42
83.85, -6.04
83.90, -10.03
83.95, -25.30
84.00, -6.59
84.05, -21.99
84.10, -4.34
84.15, -14.86
84.20, -4.19
84.25, -9.09
84.30, -12.38
84.35, -4.71
84.40, -11.64
84.45, -10.17
84.50, -8.49
84.55, -20.80
84.60, -5.31
84.65, -5.16
84.70, -11.68
84.75, -10.85
84.80, -9.22
84.85, -1.31
84.90, -3.68
84.95, -5.85
85.00, -7.46
85.05, -11.61
85.10, -8.70
85.15, -14.54
85.20, -5.53
85.25, -8.10
85.30, -8.22
85.35, -6.70
85.40, -8.78
85.45, -5.80
85.50, -9.26
85.55, -13.01
85.60, -13.17
85.65, -9.39
85.70, -12.66
85.75, -15.77
85.80, -4.24
85.85, -16.17
85.90, -8.62
85.95, -3.19
86.00, -3.86
86.05, -7.77
86.10, -3.68
86.15, -27.47
86.20, -18.90
86.25, -3.79
86.30, -11.05
86.35, -34.16
86.40, -11.73
86.45, -7.35
86.50, -9.45
86.55, -10.16
86.60, -11.20
86.65, -0.49
86.70, -11.22
86.75, -1.88
86.80, -13.27
86.85, -8.09
86.90, -13.25
86.95, -9.13
87.00, -20.82
87.05, -6.25
87.10, -8.33
87.15, -10.09
87.20, -8.74
87.25, -6.91
87.30, -13.29
87.35, -10.01
87.40, -8.21
87.45, -6.02
87.50, -1.71
87.55, -9.51
87.60, -20.46
87.65, -10.65
87.70, -3.41
87.75, -21.62
87.80, -4.67
87.85, -7.76
87.90, -6.96
87.95, -10.29
88.00, -28.38
88.05, -11.64
88.10, -7.23
88.15, -10.31
88.20, -3.37
88.25, -8.57
88.30, -12.01
88.35, -4.85
88.40, -5.92
88.45, -14.27
88.50, -2.40
88.55, -4.12
88.60, -8.89
88.65, -15.12
88.70, -10.60
88.75, -17.18
88.80, -12.42
88.85, -13.34
88.90, -11.62
88.95, -15.06
89.00, -11.32
89.05, -9.42
89.10, -2.18
89.15, -3.95
89.20, -4.83
89.25, -4.13
89.30, -21.61
89.35, -6.84
89.40, -4.32
89.45, -7.22
89.50, -9.22
89.55, -1.70
89.60, -7.16
89.65, -14.22
89.70, -6.67
89.75, 2.36
89.80, -10.69
89.85, -2.82
89.90, -7.01
89.95, -10.61
90.00, -6.72
90.05, -4.07
90.10, -9.95
90.15, -12.01
90.20, -12.63
90.25, -6.42
90.30, -6.14
90.35, -3.45
90.40, -2.57
90.45, -15.15
90.50, -5.04
90.55, -15.53
90.60, -12.49
90.65, -4.83
90.70, -7.34
90.75, 0.49
90.80, -11.26
90.85, -11.26
90.90, -14.59
90.95, -8.72
91.00, -8.57
91.05, -8.50
91.10, -5.47
91.15, -5.03
91.20, -3.86
91.25, -7.92
91.30, -47.09
91.35, -19.19
91.40, -21.97
91.45, -6.76
91.50, -4.87
91.55, -0.49
91.60, -7.22
91.65, -11.11
91.70, -7.82
91.75, -10.50
91.80, -7.48
91.85, -13.19
91.90, -9.37
91.95, -9.22
92.00, -1.27
92.05, -6.86
92.10, 1.94
92.15, -15.83
92.20, -8.88
92.25, -9.55
92.30, -4.67
92.35, -7.77
92.40, -2.57
92.45, -14.24
92.50, -7.53
92.55, -5.20
92.60, -16.54
92.65, -3.29
92.70, -5.48
92.75, -9.15
92.80, -12.85
92.85, -6.57
92.90, -2.31
92.95, -14.61
93.00, 0.39
93.05, -11.62
93.10, -17.99
93.15, 1.58
93.20, -3.25
93.25, -12.28
93.30, -6.62
93.35, -8.01
93.40, -3.89
93.45, -0.95
93.50, -20.71
93.55, -8.19
93.60, -10.06
93.65, -1.35
93.70, -9.64
93.75, -7.09
93.80, 1.38
93.85, -16.22
93.90, -6.26
93.95, -3.36
94.00, -3.76
94.05, -8.64
94.10, -5.91
94.15, -16.54
94.20, -0.68
94.25, -9.72
94.30, -16.68
94.35, -12.75
94.40, -7.93
94.45, -10.57
94.50, -6.51
94.55, -0.01
94.60, -10.53
94.65, -21.25
94.70, -14.34
94.75, -9.28
94.80, -9.63
94.85, -7.47
94.90, -20.41
94.95, -1.98
95.00, -14.23
95.05, -3.65
95.10, -8.00
95.15, -0.39
95.20, -7.13
95.25, -3.78
95.30, -4.37
95.35, -4.13
95.40, -9.09
95.45, -1.36
95.50, 2.13
95.55, -4.97
95.60, -4.78
95.65, -13.42
95.70, -6.29
95.75, -6.42
95.80, -7.28
95.85, -2.98
95.90, -9.11
95.95, -1.77
96.00, -5.04
96.05, -4.17
96.10, -23.07
96.15, -5.68
96.20, -14.96
96.25, -2.31
96.30, -11.66
96.35, -16.14
96.40, 1.35
96.45, -15.43
96.50, -8.69
96.55, -9.33
96.60, -8.64
96.65, 0.64
96.70, -4.15
96.75, 2.12
96.80, -0.88
96.85, -1.61
96.90, -2.38
96.95, -3.02
97.00, -4.82
97.05, 1.48
97.10, -10.22
97.15, -1.14
97.20, 2.01
97.25, -4.64
97.30, -4.31
97.35, -6.96
97.40, -13.30
97.45, -3.87
97.50, -7.59
97.55, -13.87
97.60, -1.14
97.65, 3.49
97.70, 0.80
97.75, -4.75
97.80, -4.75
97.85, -8.12
97.90, -2.75
97.95, -1.06
98.00, -11.41
98.05, -10.64
98.10, -11.92
98.15, -5.43
98.20, -3.96
98.25, -8.01
98.30, -1.83
98.35, -3.62
98.40, -2.15
98.45, -11.85
98.50, -12.96
98.55, -1.72
98.60, -4.19
98.65, 2.08
98.70, -4.51
98.75, 2.71
98.80, -8.40
98.85, -15.92
98.90, 2.83
98.95, 0.42
99.00, -10.75
99.05, -7.25
99.10, -14.16
99.15, -5.21
99.20, -4.21
99.25, -9.74
99.30, -12.15
99.35, -4.19
99.40, -4.40
99.45, 0.77
99.50, -10.80
99.55, -5.54
99.60, -18.03
99.65, -0.48
99.70, -9.00
99.75, -11.86
99.80, -1.72
99.85, -6.95
99.90, -1.60
99.95, -2.17
100.00, -4.21
100.05, -1.31
100.10, -7.38
100.15, -13.33
100.20, -5.07
100.25, 2.12
100.30, -0.69
100.35, -1.94
100.40, -11.83
100.45, -20.59
100.50, -1.71
100.55, -6.81
100.60, -10.73
100.65, -8.52
100.70, -6.21
100.75, -10.77
100.80, 0.11
100.85, -7.62
100.90, -10.87
100.95, -8.96
101.00, 0.42
101.05, -8.02
101.10, -1.14
101.15, -1.57
101.20, -15.68
101.25, -6.71
101.30, -7.99
101.35, -2.14
101.40, -11.27
101.45, -13.31
101.50, -1.28
101.55, -3.05
101.60, -12.78
101.65, 1.62
101.70, -1.51
101.75, -1.50
101.80, -4.13
101.85, -7.07
101.90, -3.20
101.95, -3.74
102.00, -6.99
102.05, -11.13
102.10, -6.79
102.15, 0.22
102.20, -7.83
102.25, -5.33
102.30, -7.66
102.35, -1.82
102.40, -7.95
102.45, -0.87
102.50, -1.75
102.55, -13.88
102.60, -2.62
102.65, 1.67
102.70, -8.59
102.75, -6.89
102.80, -1.73
102.85, -15.00
102.90, -3.17
102.95, -2.16
103.00, -4.44
103.05, -17.88
103.10, -11.08
103.15, -8.29
103.20, -8.30
103.25, -6.88
103.30, -2.13
103.35, -3.65
103.40, -2.17
103.45, -0.84
103.50, 0.40
103.55, 0.13
103.60, -6.05
103.65, -9.35
103.70, -20.30
103.75, -5.04
103.80, -0.06
103.85, -24.85
103.90, -6.14
103.95, -12.89
104.00, -13.94
104.05, -12.92
104.10, -12.92
104.15, -3.07
104.20, -23.16
104.25, -1.66
104.30, -1.06
104.35, -3.39
104.40, -10.69
104.45, -9.68
104.50, -0.50
104.55, -1.71
104.60, -6.49
104.65, 0.97
104.70, -1.63
104.75, -11.07
104.80, -1.74
104.85, -5.44
104.90, -4.16
104.95, -7.95
105.00, -9.41
105.05, -8.88
105.10, -11.93
105.15, -20.80
105.20, -1.53
105.25, -18.85
105.30, -3.74
105.35, -1.60
105.40, -6.48
105.45, -12.66
105.50, -4.48
105.55, -1.55
105.60, -4.38
105.65, -4.43
105.70, -0.50
105.75, -9.55
105.80, -8.20
105.85, -0.47
105.90, 0.95
105.95, -7.55
106.00, -4.42
106.05, -2.01
106.10, -5.93
106.15, -3.12
106.20, -1.80
106.25, -7.44
106.30, -6.09
106.35, -7.43
106.40, -11.67
106.45, -8.01
106.50, -5.90
106.55, -6.25
106.60, -14.69
106.65, -2.61
106.70, 0.98
106.75, -8.51
106.80, -11.07
106.85, -1.14
106.90, -9.01
106.95, 3.61
107.00, -14.78
107.05, -4.62
107.10, -21.23
107.15, -3.13
107.20, -2.63
107.25, -4.66
107.30, -1.78
107.35, -5.40
107.40, -8.70
107.45, -0.86
107.50, 2.09
107.55, -6.07
107.60, -6.70
107.65, -0.07
107.70, -3.75
107.75, -8.15
107.80, -0.46
107.85, -7.00
107.90, -12.61
107.95, 1.78
108.00, -5.99
108.05, -0.99
108.10, -5.33
108.15, -17.43
108.20, 0.73
108.25, -3.13
108.30, -3.34
108.35, -18.14
108.40, 0.24
108.45, 0.10
108.50, -3.87
108.55, -0.77
108.60, -2.96
108.65, 2.11
108.70, -7.69
108.75, 2.30
108.80, -1.92
108.85, 0.78
108.90, -15.22
108.95, -0.76
109.00, 3.83
109.05, -6.28
109.10, 2.85
109.15, 1.72
109.20, -2.96
109.25, 0.79
109.30, -5.01
109.35, -4.81
109.40, -3.49
109.45, -10.68
109.50, -5.99
109.55, -12.92
109.60, -0.34
109.65, -20.31
109.70, -0.01
109.75, -3.68
109.80, -6.15
109.85, -3.63
109.90, 5.27
109.95, -3.52
110.00, 2.05
110.05, -5.28
110.10, -9.89
110.15, -2.71
110.20, -1.14
110.25, -3.66
110.30, -7.40
110.35, -8.74
110.40, -1.82
110.45, -5.88
110.50, -1.08
110.55, 0.56
110.60, -0.35
110.65, -2.03
110.70, 3.79
110.75, -0.55
110.80, -7.68
110.85, -4.07
110.90, -0.02
110.95, -4.50
111.00, -4.12
111.05, 1.15
111.10, 0.16
111.15, -6.14
111.20, -3.13
111.25, -7.58
111.30, -6.39
111.35, -11.13
111.40, 3.64
111.45, -34.78
111.50, -3.50
111.55, 3.51
111.60, -2.41
111.65, -11.49
111.70, 0.13
111.75, -1.12
111.80, -2.91
111.85, 0.26
111.90, -8.45
111.95, -2.66
112.00, 2.50
112.05, -6.17
112.10, 1.83
112.15, -10.03
112.20, -3.51
112.25, -0.53
112.30, 1.87
112.35, 2.75
112.40, -5.19
112.45, 2.37
112.50, -0.47
112.55, -11.01
112.60, 2.11
112.65, -3.63
112.70, -4.09
112.75, -6.37
112.80, -11.32
112.85, -3.53
112.90, -9.29
112.95, -3.67
113.00, 1.64
113.05, 5.26
113.10, -3.98
113.15, -11.34
113.20, -31.39
113.25, 1.91
113.30, -2.17
113.35, -1.78
113.40, -3.63
113.45, -6.37
113.50, -5.22
113.55, -12.55
113.60, -8.50
113.65, -0.80
113.70, -27.03
113.75, 2.30
113.80, -7.68
113.85, -5.31
113.90, 1.62
113.95, 0.93
114.00, 4.18
114.05, -7.62
114.10, -3.80
114.15, -3.36
114.20, -0.22
114.25, 1.54
114.30, 2.23
114.35, -0.79
114.40, -16.32
114.45, -5.01
114.50, -4.07
114.55, -3.43
114.60, -3.69
114.65, -5.18
114.70, -14.75
114.75, -0.90
114.80, 2.88
114.85, -5.04
114.90, -5.47
114.95, -5.16
115.00, 0.11
115.05, -3.53
115.10, -6.52
115.15, -0.22
115.20, 2.92
115.25, 1.84
115.30, -4.67
115.35, -2.18
115.40, -10.98
115.45, -4.49
115.50, -8.22
115.55, 3.56
115.60, -4.50
115.65, -4.99
115.70, -5.06
115.75, -4.15
115.80, -2.66
115.85, 2.24
115.90, -2.55
115.95, -14.20
116.00, -3.98
116.05, -11.48
116.10, -4.26
116.15, 0.96
116.20, -4.99
116.25, -0.14
116.30, 8.42
116.35, -16.92
116.40, 2.53
116.45, -8.69
116.50, -7.67
116.55, -2.35
116.60, -16.44
116.65, 2.41
116.70, -3.19
116.75, -2.21
116.80, 4.38
116.85, -0.82
116.90, -7.44
116.95, 4.72
117.00, -1.83
117.05, -1.75
117.10, 2.86
117.15, -1.33
117.20, -0.95
117.25, -7.83
117.30, 2.71
117.35, -6.68
117.40, -2.69
117.45, 0.41
117.50, -2.48
117.55, -0.36
117.60, 1.39
117.65, -5.65
117.70, -2.55
117.75, -4.32
117.80, 1.84
117.85, -1.39
117.90, 2.09
117.95, -1.97
118.00, -13.09
118.05, -1.47
118.10, 1.29
118.15, 3.43
118.20, 4.08
118.25, -1.21
118.30, 1.75
118.35, -1.91
118.40, -8.67
118.45, -1.08
118.50, -3.89
118.55, -3.44
118.60, 1.61
118.65, -14.25
118.70, -1.84
118.75, 1.31
118.80, -1.06
118.85, -1.68
118.90, 1.91
118.95, -4.22
119.00, -0.22
119.05, 4.64
119.10, 5.43
119.15, 2.86
119.20, 2.81
119.25, 5.08
119.30, 0.46
119.35, -2.97
119.40, -3.40
119.45, 5.65
119.50, 1.28
119.55, -6.13
119.60, 6.60
119.65, 5.01
119.70, 5.95
119.75, 2.56
119.80, -6.50
119.85, 5.93
119.90, 4.00
119.95, 1.61
120.00, -5.11
120.05, -8.29
120.10, -4.58
120.15, 2.85
120.20, 5.16
120.25, -6.83
120.30, -17.67
120.35, 0.86
120.40, 3.34
120.45, -0.23
120.50, -4.86
120.55, -0.50
120.60, -13.65
120.65, -17.41
120.70, -1.91
120.75, -9.49
120.80, 3.08
120.85, -3.77
120.90, -0.25
120.95, -8.49
121.00, -15.09
121.05, 4.79
121.10, -2.23
121.15, -13.55
121.20, -3.55
121.25, 0.74
121.30, -8.78
121.35, -6.04
121.40, -2.03
121.45, -6.19
121.50, -0.50
121.55, -12.77
121.60, 0.95
121.65, 3.44
121.70, -2.85
121.75, -19.84
121.80, -7.09
121.85, 7.21
121.90, -2.22
121.95, -12.95
122.00, -2.32
122.05, 3.18
122.10, 0.02
122.15, 0.94
122.20, -3.98
122.25, -14.01
122.30, 1.44
122.35, -6.53
122.40, 0.09
122.45, -7.58
122.50, -2.99
122.55, 0.86
122.60, 4.65
122.65, -6.39
122.70, 5.18
122.75, 3.41
122.80, 1.97
122.85, -12.94
122.90, -12.89
122.95, 0.75
123.00, 0.42
123.05, -6.65
123.10, 3.04
123.15, -1.34
123.20, 0.66
123.25, -2.42
123.30, -3.62
123.35, 4.72
123.40, -0.85
123.45, -7.11
123.50, -1.69
123.55, 2.55
123.60, 5.85
123.65, -12.25
123.70, -4.61
123.75, -4.31
123.80, 4.12
123.85, 5.79
123.90, 8.04
123.95, -6.22
124.00, 3.41
124.05, 4.80
124.10, -3.98
124.15, 2.32
124.20, 2.89
124.25, -4.25
124.30, -3.30
124.35, -0.33
124.40, 0.76
124.45, -4.31
124.50, -0.36
124.55, -0.92
124.60, 4.62
124.65, -5.75
124.70, -8.20
124.75, 0.47
124.80, -5.15
124.85, -0.08
124.90, -4.50
124.95, 2.32
125.00, -6.40
125.05, -2.97
125.10, -3.72
125.15, 0.02
125.20, 3.69
125.25, -5.11
125.30, 5.57
125.35, 1.81
125.40, -0.41
125.45, -8.83
125.50, -8.41
125.55, 5.64
125.60, -3.69
125.65, -10.51
125.70, 5.20
125.75, 0.44
125.80, -14.03
125.85, 0.85
125.90, -3.52
125.95, 4.18
126.00, -2.50
126.05, -3.81
126.10, -14.80
126.15, -2.20
126.20, -0.85
126.25, -4.43
126.30, 4.56
126.35, 3.63
126.40, 1.79
126.45, -5.56
126.50, -9.01
126.55, 1.06
126.60, -4.77
126.65, 0.46
126.70, 0.13
126.75, 0.75
126.80, -2.38
126.85, 2.96
126.90, -2.64
126.95, 3.53
127.00, -4.13
127.05, -3.39
127.10, 2.83
127.15, -0.34
127.20, 0.12
127.25, 0.72
127.30, 2.97
127.35, 4.46
127.40, -2.58
127.45, 4.01
127.50, -3.79
127.55, -0.29
127.60, -8.18
127.65, 4.38
127.70, -0.67
127.75, 3.81
127.80, 1.06
127.85, -1.82
127.90, -1.31
127.95, 0.02
128.00, 3.96
128.05, 4.52
128.10, 0.94
128.15, -7.83
128.20, -3.39
128.25, -8.21
128.30, -17.15
128.35, 3.13
128.40, 6.60
128.45, 0.06
128.50, -1.14
128.55, 0.17
128.60, -5.73
128.65, 3.42
128.70, -1.95
128.75, -6.64
128.80, -3.54
128.85, 3.53
128.90, 0.08
128.95, 2.23
129.00, -3.66
129.05, -8.18
129.10, -3.51
129.15, -9.22
129.20, 1.55
129.25, 1.61
129.30, -7.04
129.35, 3.64
129.40, 6.17
129.45, -5.60
129.50, 0.40
129.55, 5.52
129.60, -15.01
129.65, -8.28
129.70, 3.26
129.75, -3.37
129.80, 2.60
129.85, -0.60
129.90, 5.78
129.95, -13.44
130.00, 2.28
130.05, -8.16
130.10, 0.52
130.15, 4.63
130.20, 3.39
130.25, -3.17
130.30, -7.49
130.35, -7.16
130.40, 0.18
130.45, -10.41
130.50, 2.57
130.55, -24.23
130.60, 6.63
130.65, 1.90
130.70, -1.56
130.75, -13.86
130.80, -2.76
130.85, -1.43
130.90, 0.23
130.95, -2.13
131.00, -9.39
131.05, -18.30
131.10, 1.26
131.15, 0.53
131.20, -5.07
131.25, -8.76
131.30, -12.78
131.35, 1.74
131.40, 2.56
131.45, -11.80
131.50, -5.37
131.55, 7.85
131.60, -4.03
131.65, 4.28
131.70, -7.54
131.75, 4.02
131.80, -1.07
131.85, -9.82
131.90, 1.82
131.95, 4.01
132.00, 1.10
132.05, -7.51
132.10, 3.14
132.15, 3.93
132.20, 6.13
132.25, -6.70
132.30, -5.66
132.35, -0.51
132.40, -8.63
132.45, -2.47
132.50, -2.85
132.55, -2.18
132.60, -5.91
132.65, 5.77
132.70, -2.99
132.75, 2.05
132.80, 3.31
132.85, -1.51
132.90, -5.50
132.95, -3.23
133.00, -0.41
133.05, 6.73
133.10, -7.66
133.15, 3.95
133.20, -1.54
133.25, 4.81
133.30, -2.81
133.35, -3.21
133.40, -5.75
133.45, 2.53
133.50, 2.19
133.55, -1.28
133.60, 1.41
133.65, -1.46
133.70, 3.94
133.75, -8.60
133.80, 3.36
133.85, -4.23
133.90, 1.33
133.95, 3.14
134.00, 1.23
134.05, -2.48
134.10, -0.47
134.15, -3.75
134.20, -11.91
134.25, -5.50
134.30, 2.65
134.35, 5.19
134.40, -10.55
134.45, 3.70
134.50, 0.66
134.55, -4.79
134.60, 7.26
134.65, -6.05
134.70, 3.79
134.75, 0.97
134.80, -7.86
134.85, -11.00
134.90, -2.94
134.95, 7.02
135.00, -0.18
135.05, 5.43
135.10, -8.70
135.15, -2.11
135.20, -7.41
135.25, -5.30
135.30, -4.85
135.35, -4.78
135.40, -2.02
135.45, 3.13
135.50, -6.97
135.55, 6.20
135.60, -4.85
135.65, 3.42
135.70, -4.88
135.75, 2.29
135.80, -2.25
135.85, 7.27
135.90, -2.97
135.95, 7.31
136.00, -1.56
136.05, 5.51
136.10, -6.37
136.15, 0.34
136.20, 1.26
136.25, 2.25
136.30, 0.64
136.35, 0.83
136.40, 6.64
136.45, 4.84
136.50, -0.18
136.55, -9.25
136.60, 1.95
136.65, -2.11
136.70, 6.61
136.75, -6.50
136.80, -0.65
136.85, 3.74
136.90, -6.76
136.95, 0.80
137.00, 0.50
137.05, -6.90
137.10, 0.77
137.15, -3.19
137.20, 1.06
137.25, 0.93
137.30, 7.36
137.35, 6.67
137.40, -0.45
137.45, -1.12
137.50, 4.14
137.55, 1.08
137.60, -3.38
137.65, 5.97
137.70, -8.00
137.75, -3.12
137.80, -2.79
137.85, 0.02
137.90, 3.89
137.95, 6.39
138.00, 4.74
138.05, 0.60
138.10, 1.04
138.15, -0.58
138.20, -7.37
138.25, 1.41
138.30, 0.64
138.35, -0.87
138.40, -0.55
138.45, 4.55
138.50, -6.89
138.55, 0.40
138.60, -0.80
138.65, -4.62
138.70, 4.49
138.75, 1.67
138.80, 5.62
138.85, 4.42
138.90, 3.47
138.95, 3.93
139.00, 1.80
139.05, 4.11
139.10, 4.68
139.15, -2.40
139.20, 4.51
139.25, 4.41
139.30, -16.61
139.35, -0.04
139.40, -3.12
139.45, -1.70
139.50, 2.10
139.55, -5.45
139.60, -23.81
139.65, -11.00
139.70, 5.77
139.75, -1.02
139.80, 3.50
139.85, -1.87
139.90, -8.08
139.95, 4.45
140.00, -2.90
140.05, -13.74
140.10, -3.50
140.15, -2.90
140.20, 1.02
140.25, 2.28
140.30, 1.76
140.35, 6.14
140.40, 1.70
140.45, -4.42
140.50, 1.80
140.55, 1.27
140.60, 2.42
140.65, 2.96
140.70, 5.18
140.75, 2.44
140.80, -0.36
140.85, 3.35
140.90, -4.72
140.95, -2.30
141.00, 3.37
141.05, 0.64
141.10, -2.06
141.15, -1.65
141.20, 3.76
141.25, -7.37
141.30, 0.92
141.35, -2.69
141.40, -2.68
141.45, 4.31
141.50, -1.80
141.55, 2.84
141.60, -4.97
141.65, 6.69
141.70, 1.97
141.75, -0.20
141.80, 6.36
141.85, 2.98
141.90, -1.84
141.95, 7.60
142.00, 0.42
142.05, -3.82
142.10, 1.23
142.15, -1.59
142.20, -2.64
142.25, 1.65
142.30, 2.68
142.35, -5.55
142.40, 5.47
142.45, 1.16
142.50, 8.90
142.55, -3.10
142.60, -5.52
142.65, 0.93
142.70, 4.38
142.75, -4.80
142.80, -11.44
142.85, 2.71
142.90, -3.48
142.95, -3.22
143.00, -5.45
143.05, 4.70
143.10, -1.68
143.15, -3.18
143.20, 1.60
143.25, 5.43
143.30, 4.42
143.35, 6.42
143.40, 3.82
143.45, 4.22
143.50, 0.79
143.55, -5.32
143.60, -16.53
143.65, 2.82
143.70, 0.78
143.75, -0.80
143.80, 0.19
143.85, 1.56
143.90, 4.48
143.95, 3.75
144.00, -1.37
144.05, 0.37
144.10, 1.25
144.15, -2.12
144.20, 4.85
144.25, 3.61
144.30, 6.28
144.35, -2.32
144.40, -2.71
144.45, -0.06
144.50, 3.57
144.55, 3.17
144.60, 2.18
144.65, 1.94
144.70, 5.36
144.75, 2.81
144.80, -3.24
144.85, 6.64
144.90, 4.67
144.95, -10.15
145.00, 7.53
145.05, -1.15
145.10, -9.64
145.15, -5.40
145.20, 8.11
145.25, -2.08
145.30, -0.67
145.35, 5.73
145.40, 6.69
145.45, 1.43
145.50, 8.65
145.55, -15.30
145.60, -1.05
145.65, -1.17
145.70, 0.98
145.75, -0.85
145.80, -1.39
145.85, 2.02
145.90, 0.13
145.95, 3.84
146.00, 4.55
146.05, 7.16
146.10, -5.11
146.15, -7.51
146.20, 3.63
146.25, 6.11
146.30, 3.71
146.35, 2.15
146.40, 6.64
146.45, 4.68
146.50, -9.14
146.55, 5.78
146.60, 0.37
146.65, 1.36
146.70, 6.45
146.75, -4.97
146.80, -3.28
146.85, -2.59
146.90, 3.72
146.95, -1.43
147.00, 5.27
147.05, -6.50
147.10, 3.42
147.15, -3.34
147.20, 3.00
147.25, 1.57
147.30, 5.23
147.35, 2.13
147.40, -6.93
147.45, 6.20
147.50, -0.24
147.55, 7.89
147.60, -2.88
147.65, 2.21
147.70, -4.70
147.75, 8.81
147.80, 4.02
147.85, 2.33
147.90, 1.10
147.95, -6.24
148.00, 0.40
148.05, 5.92
148.10, 1.09
148.15, -8.66
148.20, 5.79
148.25, -6.51
148.30, -5.25
148.35, -0.85
148.40, -0.27
148.45, 4.23
148.50, 6.68
148.55, 2.31
148.60, 2.97
148.65, 2.74
148.70, -3.35
148.75, -4.08
148.80, -12.44
148.85, -16.65
148.90, -3.56
148.95, 7.87
149.00, 4.59
149.05, 5.43
149.10, 8.16
149.15, 0.26
149.20, -12.84
149.25, 1.64
149.30, 3.76
149.35, 1.83
149.40, 6.03
149.45, 3.48
149.50, -2.81
149.55, -4.21
149.60, 1.35
149.65, 4.15
149.70, 3.88
149.75, 5.20
149.80, 1.30
149.85, 7.53
149.90, 4.96
149.95, -3.24
150.00, 0.34
150.05, 0.45
150.10, -9.40
150.15, 9.78
150.20, 4.49
150.25, 2.42
150.30, -4.70
150.35, 2.42
150.40, 6.25
150.45, 7.29
150.50, 8.12
150.55, 3.95
150.60, 7.06
150.65, 4.48
150.70, 2.97
150.75, 8.47
150.80, 4.43
150.85, -0.45
150.90, 0.11
150.95, -1.86
151.00, -6.79
151.05, 5.12
151.10, 2.00
151.15, 11.34
151.20, 4.08
151.25, 4.83
151.30, -1.78
151.35, -0.43
151.40, 4.46
151.45, 6.33
151.50, 8.23
151.55, 1.68
151.60, 3.89
151.65, 4.57
151.70, 5.90
151.75, 0.21
151.80, -14.82
151.85, -1.57
151.90, 6.98
151.95, -7.27
152.00, -2.64
152.05, -2.22
152.10, -2.17
152.15, 5.47
152.20, 6.45
152.25, 5.37
152.30, 11.04
152.35, 8.62
152.40, -2.27
152.45, -1.94
152.50, 4.54
152.55, -1.38
152.60, -3.34
152.65, 6.08
152.70, 5.62
152.75, -3.86
152.80, -1.87
152.85, 8.67
152.90, -10.20
152.95, -2.04
153.00, 3.63
153.05, 11.14
153.10, -6.74
153.15, 11.50
153.20, 4.64
153.25, -6.14
153.30, 2.40
153.35, 5.38
153.40, 2.35
153.45, -3.05
153.50, -1.36
153.55, 6.98
153.60, 4.33
153.65, -14.20
153.70, 4.11
153.75, 3.16
153.80, -1.26
153.85, -2.81
153.90, 6.31
153.95, 2.27
154.00, -6.10
154.05, -0.42
154.10, 8.36
154.15, 2.43
154.20, -0.10
154.25, 1.26
154.30, 7.47
154.35, -12.43
154.40, -1.87
154.45, -1.49
154.50, 6.57
154.55, 1.41
154.60, -17.30
154.65, -0.20
154.70, 3.94
154.75, -0.13
154.80, 0.20
154.85, 0.21
154.90, -0.23
154.95, 2.30
155.00, -2.71
155.05, 5.06
155.10, -6.89
155.15, 7.54
155.20, 6.14
155.25, -16.14
155.30, 8.54
155.35, 0.07
155.40, 1.48
155.45, 5.14
155.50, -6.97
155.55, 8.84
155.60, 4.26
155.65, 8.34
155.70, 3.13
155.75, 1.79
155.80, -15.11
155.85, -1.16
155.90, 4.30
155.95, 3.87
156.00, 5.95
156.05, -1.28
156.10, 3.18
156.15, 2.05
156.20, -2.69
156.25, 3.99
156.30, 1.89
156.35, 1.60
156.40, 2.51
156.45, -1.82
156.50, -5.78
156.55, 11.47
156.60, 0.76
156.65, 4.37
156.70, 0.52
156.75, 3.96
156.80, -12.55
156.85, 1.24
156.90, 6.85
156.95, 3.32
157.00, 5.10
157.05, -3.87
157.10, 5.02
157.15, 6.24
157.20, 2.60
157.25, 4.91
157.30, -0.70
157.35, -1.60
157.40, 3.52
157.45, 3.38
157.50, 9.81
157.55, 2.61
157.60, -10.00
157.65, 2.07
157.70, 7.01
157.75, 2.11
157.80, -5.18
157.85, 8.01
157.90, 9.80
157.95, 4.23
158.00, 0.59
158.05, 4.83
158.10, 6.62
158.15, -0.00
158.20, 1.97
158.25, 0.42
158.30, -9.88
158.35, 7.30
158.40, 7.42
158.45, 3.78
158.50, 1.72
158.55, -9.98
158.60, -9.59
158.65, 7.64
158.70, 4.26
158.75, -3.96
158.80, -5.30
158.85, 1.21
158.90, 5.20
158.95, 4.95
159.00, 8.16
159.05, 2.65
159.10, 2.78
159.15, 1.67
159.20, 9.76
159.25, 10.26
159.30, -9.90
159.35, 4.44
159.40, 3.73
159.45, -19.19
159.50, 2.02
159.55, -0.61
159.60, 3.18
159.65, 2.51
159.70, 7.02
159.75, -5.74
159.80, 4.78
159.85, 1.22
159.90, -4.61
159.95, -3.93
160.00, 1.47
160.05, -0.20
160.10, 7.08
160.15, 8.60
160.20, -0.11
160.25, 5.09
160.30, -8.19
160.35, -8.82
160.40, 2.95
160.45, 0.27
160.50, 6.09
160.55, 5.97
160.60, 7.21
160.65, -23.94
160.70, 9.28
160.75, -2.03
160.80, 3.02
160.85, 5.26
160.90, 6.02
160.95, 1.55
161.00, 2.96
161.05, 0.24
161.10, 4.31
161.15, -5.42
161.20, -0.53
161.25, -4.35
161.30, 8.36
161.35, 4.64
161.40, -6.84
161.45, 2.20
161.50, -2.46
161.55, 3.39
161.60, 9.25
161.65, 4.92
161.70, 1.58
161.75, 4.32
161.80, 5.83
161.85, 4.30
161.90, 5.74
161.95, -3.00
162.00, 5.71
162.05, 7.59
162.10, -0.07
162.15, 3.52
162.20, -3.93
162.25, 1.92
162.30, 6.98
162.35, -11.03
162.40, 3.37
162.45, 0.41
162.50, -0.26
162.55, 6.88
162.60, 2.19
162.65, -5.49
162.70, -6.06
162.75, 3.83
162.80, -0.47
162.85, 1.82
162.90, 2.50
162.95, -4.41
163.00, -5.18
163.05, 7.15
163.10, -2.97
163.15, 3.50
163.20, -6.41
163.25, 6.48
163.30, 5.39
163.35, -1.20
163.40, 1.35
163.45, -1.13
163.50, -21.48
163.55, -1.58
163.60, 4.57
163.65, -0.57
163.70, 9.62
163.75, -11.73
163.80, 6.23
163.85, 2.70
163.90, -5.04
163.95, -0.74
164.00, 7.79
164.05, 0.54
164.10, -6.17
164.15, 7.72
164.20, 6.57
164.25, 2.86
164.30, -2.92
164.35, 1.27
164.40, 8.86
164.45, 5.23
164.50, 5.68
164.55, -2.77
164.60, 2.66
164.65, 2.23
164.70, -18.63
164.75, -7.24
164.80, 3.98
164.85, 0.43
164.90, -1.27
164.95, -0.98
165.00, 2.92
165.05, -12.42
165.10, -5.88
165.15, 4.00
165.20, -2.81
165.25, 4.53
165.30, 4.82
165.35, 6.52
165.40, -4.15
165.45, -3.66
165.50, 0.42
165.55, 4.59
165.60, -1.77
165.65, 5.03
165.70, -8.36
165.75, 4.62
165.80, 2.79
165.85, 4.16
165.90, -2.63
165.95, -7.47
166.00, -11.22
166.05, -8.86
166.10, 7.32
166.15, 4.51
166.20, 8.31
166.25, 1.66
166.30, 3.43
166.35, 2.08
166.40, 1.62
166.45, 7.35
166.50, 5.07
166.55, -1.25
166.60, 1.93
166.65, -1.58
166.70, 5.16
166.75, 3.77
166.80, 5.37
166.85, 3.57
166.90, 7.21
166.95, -1.21
167.00, 9.61
167.05, 6.25
167.10, 0.77
167.15, 5.26
167.20, -4.75
167.25, -2.64
167.30, -18.73
167.35, -13.21
167.40, 4.84
167.45, -0.62
167.50, -1.43
167.55, -13.83
167.60, -2.38
167.65, -0.54
167.70, 2.21
167.75, -4.46
167.80, 3.50
167.85, 3.40
167.90, 0.77
167.95, 3.70
168.00, 8.56
168.05, 6.18
168.10, -0.69
168.15, -3.31
168.20, 1.55
168.25, 6.16
168.30, 7.82
168.35, 1.14
168.40, -3.25
168.45, 4.40
168.50, 8.35
168.55, -0.80
168.60, 2.55
168.65, 4.60
168.70, 2.44
168.75, 8.57
168.80, 0.97
168.85, -0.47
168.90, 0.14
168.95, -3.93
169.00, 3.82
169.05, 2.70
169.10, 2.36
169.15, 1.27
169.20, 2.22
169.25, 6.43
169.30, 1.02
169.35, 1.95
169.40, 6.36
169.45, 0.67
169.50, -0.30
169.55, 2.74
169.60, -2.20
169.65, 8.13
169.70, -0.74
169.75, 6.78
169.80, 4.30
169.85, -3.54
169.90, 0.51
169.95, 2.66
170.00, 3.30
170.05, -1.00
170.10, 10.18
170.15, 1.48
170.20, -0.40
170.25, -10.03
170.30, -7.31
170.35, -1.83
170.40, -2.75
170.45, 7.09
170.50, -3.80
170.55, 5.88
170.60, 9.58
170.65, 4.96
170.70, -0.55
170.75, 2.58
170.80, 4.20
170.85, -8.80
170.90, 7.63
170.95, 7.48
171.00, -0.00
171.05, -2.53
171.10, -0.97
171.15, 4.47
171.20, -3.99
171.25, -2.01
171.30, 3.57
171.35, -6.95
171.40, 5.92
171.45, -3.68
171.50, -0.80
171.55, -6.92
171.60, -4.51
171.65, 2.77
171.70, 5.48
171.75, -1.77
171.80, 4.00
171.85, 1.80
171.90, -5.13
171.95, 4.00
172.00, -2.51
172.05, 4.14
172.10, 3.45
172.15, -3.41
172.20, 0.91
172.25, -3.38
172.30, 6.68
172.35, 9.73
172.40, 5.81
172.45, 2.60
172.50, 9.88
172.55, 0.80
172.60, -0.62
172.65, -6.99
172.70, 6.08
172.75, 2.80
172.80, -3.56
172.85, 6.54
172.90, -12.98
172.95, -4.63
173.00, 7.33
173.05, -8.90
173.10, -4.72
173.15, 9.76
173.20, 2.98
173.25, -1.09
173.30, -5.10
173.35, 1.33
173.40, -4.22
173.45, 2.14
173.50, -0.46
173.55, 4.96
173.60, 11.75
173.65, 6.11
173.70, 5.17
173.75, -8.17
173.80, 5.77
173.85, 6.16
173.90, -6.09
173.95, 4.05
174.00, 0.87
174.05, 5.71
174.10, 4.48
174.15, 6.93
174.20, -1.21
174.25, 4.60
174.30, -4.74
174.35, 0.39
174.40, -1.09
174.45, 2.52
174.50, -15.88
174.55, 1.68
174.60, 4.55
174.65, 4.89
174.70, 3.70
174.75, -6.66
174.80, 8.07
174.85, 7.59
174.90, 0.16
174.95, 12.17
175.00, 5.05
175.05, 3.82
175.10, 2.79
175.15, 8.05
175.20, -0.34
175.25, 0.50
175.30, -11.43
175.35, -2.82
175.40, 7.71
175.45, -10.94
175.50, 2.59
175.55, 2.92
175.60, 2.58
175.65, 3.43
175.70, 9.15
175.75, 3.63
175.80, -0.96
175.85, 2.75
175.90, -1.23
175.95, 7.93
176.00, 2.04
176.05, 3.82
176.10, 4.94
176.15, 0.94
176.20, 3.25
176.25, 10.70
176.30, 4.64
176.35, 1.02
176.40, 1.48
176.45, -3.22
176.50, 6.42
176.55, 6.81
176.60, 3.96
176.65, 0.42
176.70, -9.54
176.75, -2.71
176.80, -8.73
176.85, -2.89
176.90, 5.96
176.95, 3.92
177.00, 6.52
177.05, 5.27
177.10, 0.03
177.15, -3.16
177.20, 3.96
177.25, -20.25
177.30, -2.49
177.35, 3.65
177.40, 1.32
177.45, -1.05
177.50, 8.90
177.55, 7.65
177.60, 7.00
177.65, -7.72
177.70, 3.60
177.75, 7.38
177.80, 1.86
177.85, 7.89
177.90, 12.79
177.95, 0.51
178.00, -11.48
178.05, 3.39
178.10, -0.81
178.15, 0.44
178.20, 0.60
178.25, -3.54
178.30, 2.36
178.35, 3.22
178.40, -1.90
178.45, 3.33
178.50, 6.98
178.55, -5.90
178.60, -5.24
178.65, 5.18
178.70, 5.32
178.75, 7.12
178.80, 10.56
178.85, 9.23
178.90, 2.95
178.95, 1.95
179.00, -1.24
179.05, 3.09
179.10, 4.95
179.15, 5.78
179.20, 8.98
179.25, 4.34
179.30, 5.19
179.35, -1.58
179.40, 3.73
179.45, 6.18
179.50, 1.75
179.55, 6.82
179.60, 4.02
179.65, 3.62
179.70, 9.25
179.75, -2.48
179.80, 7.77
179.85, -1.10
179.90, 0.91
179.95, -7.54
180.00, -7.81
180.05, 8.05
180.10, -0.48
180.15, 8.87
180.20, -7.13
180.25, -6.23
180.30, -10.24
180.35, 13.48
180.40, -7.58
180.45, -1.08
180.50, 2.15
180.55, 8.86
180.60, -4.86
180.65, 6.30
180.70, 0.55
180.75, -0.19
180.80, 8.53
180.85, -6.81
180.90, 4.28
180.95, -9.34
181.00, -1.41
181.05, 3.55
181.10, 4.06
181.15, 10.52
181.20, 4.08
181.25, 0.08
181.30, 4.10
181.35, 3.92
181.40, 11.33
181.45, 1.89
181.50, 0.03
181.55, -5.21
181.60, 8.78
181.65, -1.41
181.70, 0.60
181.75, 5.69
181.80, 6.55
181.85, 9.22
181.90, 4.19
181.95, 9.20
182.00, -9.76
182.05, 0.82
182.10, 1.74
182.15, -0.92
182.20, -8.22
182.25, -2.30
182.30, 6.98
182.35, 1.80
182.40, 5.52
182.45, 5.16
182.50, 2.12
182.55, 3.41
182.60, -12.60
182.65, -3.61
182.70, 6.62
182.75, 1.15
182.80, 3.15
182.85, -0.58
182.90, 2.46
182.95, -11.68
183.00, 4.15
183.05, 9.23
183.10, 5.17
183.15, 4.44
183.20, 4.31
183.25, 7.08
183.30, 4.10
183.35, 3.04
183.40, -2.17
183.45, 3.56
183.50, -3.36
183.55, 4.47
183.60, 2.36
183.65, -2.83
183.70, 2.63
183.75, 7.64
183.80, 7.04
183.85, -0.06
183.90, -1.75
183.95, 1.21
184.00, 1.71
184.05, 3.51
184.10, 6.61
184.15, 3.74
184.20, 4.31
184.25, 3.39
184.30, 7.93
184.35, 6.07
184.40, 5.65
184.45, -7.53
184.50, -0.54
184.55, 5.46
184.60, -2.84
184.65, 3.40
184.70, -10.99
184.75, -2.60
184.80, 2.63
184.85, 2.41
184.90, -8.37
184.95, -1.10
185.00, -6.04
185.05, 5.43
185.10, 4.56
185.15, 6.88
185.20, -4.38
185.25, 6.59
185.30, -4.62
185.35, -0.53
185.40, -6.62
185.45, 6.73
185.50, -6.14
185.55, 4.03
185.60, 7.69
185.65, 2.10
185.70, 2.60
185.75, 9.94
185.80, -9.87
185.85, 2.33
185.90, 0.06
185.95, 4.03
186.00, -3.06
186.05, 0.22
186.10, 0.99
186.15, 6.42
186.20, -5.29
186.25, -7.65
186.30, -2.22
186.35, 2.76
186.40, 8.21
186.45, 7.12
186.50, 8.30
186.55, 5.18
186.60, 7.96
186.65, 4.54
186.70, 8.84
186.75, 4.44
186.80, -0.82
186.85, -15.73
186.90, -6.42
186.95, 6.47
187.00, 9.82
187.05, 7.53
187.10, 2.08
187.15, 3.56
187.20, 2.42
187.25, 4.34
187.30, 2.85
187.35, 7.15
187.40, -3.41
187.45, 9.61
187.50, 4.94
187.55, -0.86
187.60, -5.57
187.65, 6.69
187.70, 7.41
187.75, 2.18
187.80, 4.40
187.85, -6.72
187.90, 6.56
187.95, -7.44
188.00, -5.07
188.05, -16.55
188.10, 0.74
188.15, 0.46
188.20, 5.82
188.25, 4.46
188.30, 10.78
188.35, -4.30
188.40, 6.05
188.45, 9.08
188.50, 6.46
188.55, 4.15
188.60, 7.75
188.65, -0.40
188.70, 7.54
188.75, -1.00
188.80, 3.51
188.85, 8.80
188.90, 3.12
188.95, 4.96
189.00, 0.74
189.05, 6.66
189.10, 6.13
189.15, -7.83
189.20, -2.58
189.25, 5.80
189.30, -1.44
189.35, 2.93
189.40, 1.85
189.45, -4.90
189.50, -7.56
189.55, 7.96
189.60, -2.17
189.65, 11.23
189.70, -0.02
189.75, 0.35
189.80, 8.67
189.85, 2.99
189.90, 0.70
189.95, 5.96
190.00, 12.01
190.05, 0.67
190.10, -8.08
190.15, 8.48
190.20, 7.32
190.25, 7.27
190.30, 5.68
190.35, -10.88
190.40, 7.97
190.45, -1.80
190.50, -11.71
190.55, -5.23
190.60, 3.28
190.65, 8.36
190.70, -3.72
190.75, 5.12
190.80, -8.26
190.85, 5.30
190.90, -12.74
190.95, 2.30
191.00, 6.77
191.05, 2.37
191.10, 8.77
191.15, 5.57
191.20, 6.30
191.25, 3.55
191.30, 4.36
191.35, 8.56
191.40, 10.76
191.45, -2.96
191.50, 1.81
191.55, 3.49
191.60, 1.10
191.65, 4.78
191.70, -0.26
191.75, -2.39
191.80, 9.65
191.85, -2.46
191.90, -7.07
191.95, -0.08
192.00, 8.24
192.05, -0.00
192.10, 3.81
192.15, -4.73
192.20, 7.21
192.25, -7.65
192.30, 4.50
192.35, 8.45
192.40, 6.13
192.45, -3.92
192.50, 7.70
192.55, 0.07
192.60, -2.32
192.65, 6.10
192.70, 8.76
192.75, 0.39
192.80, -1.69
192.85, -3.10
192.90, -10.74
192.95, 6.30
193.00, 10.83
193.05, 9.69
193.10, 4.82
193.15, 3.77
193.20, 4.09
193.25, -1.65
193.30, 2.51
193.35, 2.83
193.40, 7.91
193.45, 7.39
193.50, 1.25
193.55, 6.50
193.60, -0.93
193.65, 6.19
193.70, -4.27
193.75, 7.14
193.80, 4.39
193.85, 12.89
193.90, 7.13
193.95, 4.10
194.00, -7.52
194.05, 10.32
194.10, -7.64
194.15, -8.91
194.20, 4.85
194.25, 2.42
194.30, 3.53
194.35, -5.44
194.40, -2.51
194.45, 7.29
194.50, -19.78
194.55, 4.04
194.60, 6.69
194.65, 0.46
194.70, 9.47
194.75, -1.04
194.80, 0.25
194.85, 6.72
194.90, 9.89
194.95, 10.19
195.00, 2.08
195.05, 7.94
195.10, 3.96
195.15, 12.37
195.20, -2.30
195.25, -10.36
195.30, 8.45
195.35, 5.39
195.40, 8.68
195.45, -8.14
195.50, 5.43
195.55, 6.05
195.60, 0.04
195.65, 7.81
195.70, -3.29
195.75, -0.49
195.80, 2.79
195.85, 10.00
195.90, 11.68
195.95, 3.32
196.00, 6.00
196.05, 1.36
196.10, 4.80
196.15, 3.17
196.20, 1.16
196.25, 9.48
196.30, 8.45
196.35, -2.76
196.40, 0.79
196.45, 0.57
196.50, 3.90
196.55, 8.27
196.60, 5.91
196.65, -5.16
196.70, 4.25
196.75, 7.38
196.80, 2.88
196.85, -1.88
196.90, 3.14
196.95, 0.73
197.00, 4.65
197.05, 4.55
197.10, -0.37
197.15, 3.62
197.20, 5.14
197.25, 13.24
197.30, 1.89
197.35, 4.42
197.40, -1.66
197.45, -0.58
197.50, -1.15
197.55, 7.86
197.60, -8.74
197.65, 7.70
197.70, 8.84
197.75, 4.82
197.80, -4.68
197.85, -0.05
197.90, 8.08
197.95, 8.01
198.00, 5.34
198.05, 10.84
198.10, 0.19
198.15, -1.01
198.20, 7.99
198.25, -9.33
198.30, 4.20
198.35, 9.51
198.40, 9.95
198.45, 0.26
198.50, 5.88
198.55, 5.69
198.60, 5.44
198.65, 7.70
198.70, -1.59
198.75, 4.95
198.80, 6.24
198.85, -6.68
198.90, 7.42
198.95, -2.29
199.00, 7.97
199.05, 5.24
199.10, -2.00
199.15, 1.83
199.20, 3.45
199.25, 0.93
199.30, 3.47
199.35, -5.75
199.40, -1.42
199.45, 4.87
199.50, 4.47
199.55, 9.90
199.60, 11.17
199.65, 6.02
199.70, 4.63
199.75, 8.95
199.80, 4.13
199.85, 5.55
199.90, 1.70
199.95, 2.09
200.00, 3.07
200.05, 6.91
200.10, 9.49
200.15, 6.62
200.20, 9.66
200.25, 6.43
200.30, 2.70
200.35, 8.27
200.40, 5.06
200.45, 0.07
200.50, 7.05
200.55, 5.43
200.60, -1.88
200.65, 10.83
200.70, -3.05
200.75, -6.40
200.80, 1.24
200.85, 2.17
200.90, 5.66
200.95, 10.39
201.00, 6.96
201.05, 11.14
201.10, -7.90
201.15, 7.50
201.20, 1.50
201.25, 9.52
201.30, 6.48
201.35, 10.17
201.40, -8.75
201.45, 2.00
201.50, -12.60
201.55, 0.76
201.60, -0.52
201.65, 3.65
201.70, 6.47
201.75, -2.88
201.80, -3.61
201.85, 4.72
201.90, 4.43
201.95, 10.59
202.00, 1.51
202.05, 4.78
202.10, 11.30
202.15, 10.42
202.20, 10.00
202.25, -2.61
202.30, 1.70
202.35, -5.04
202.40, 6.77
202.45, 5.14
202.50, 2.59
202.55, 1.75
202.60, 5.47
202.65, 1.38
202.70, -3.32
202.75, 9.51
202.80, 7.63
202.85, -3.73
202.90, 8.93
202.95, 6.24
203.00, -5.25
203.05, 12.31
203.10, 7.76
203.15, 4.03
203.20, -1.50
203.25, 6.88
203.30, 6.40
203.35, 3.41
203.40, 8.51
203.45, 9.28
203.50, 7.41
203.55, 1.84
203.60, -5.28
203.65, 8.22
203.70, 5.95
203.75, -2.60
203.80, 5.53
203.85, 7.26
203.90, 1.96
203.95, 1.90
204.00, -2.25
204.05, 10.20
204.10, -1.16
204.15, -6.03
204.20, 2.65
204.25, -0.29
204.30, 5.97
204.35, 5.36
204.40, 10.18
204.45, 8.07
204.50, -1.09
204.55, 7.36
204.60, -1.81
204.65, 4.75
204.70, 10.90
204.75, 9.31
204.80, 7.13
204.85, -6.18
204.90, 0.85
204.95, -5.69
205.00, 3.47
205.05, 6.57
205.10, 5.01
205.15, -1.94
205.20, 3.43
205.25, -8.75
205.30, 5.37
205.35, 6.77
205.40, -6.62
205.45, 2.72
205.50, 4.08
205.55, 8.21
205.60, 10.53
205.65, -4.68
205.70, 7.31
205.75, -6.13
205.80, -2.87
205.85, 0.53
205.90, 7.46
205.95, 4.88
206.00, 4.39
206.05, 8.75
206.10, 8.99
206.15, 5.68
206.20, 4.77
206.25, 7.09
206.30, 2.12
206.35, 0.31
206.40, 4.69
206.45, 3.97
206.50, 1.66
206.55, 2.55
206.60, 5.05
206.65, 2.05
206.70, 0.82
206.75, -0.11
206.80, 9.35
206.85, -13.39
206.90, -2.64
206.95, 7.82
207.00, 6.99
207.05, 5.01
207.10, -1.42
207.15, 2.83
207.20, 1.07
207.25, 6.81
207.30, 2.97
207.35, 4.00
207.40, 6.44
207.45, 3.34
207.50, -5.33
207.55, 9.32
207.60, 13.35
207.65, 5.06
207.70, 7.07
207.75, 4.95
207.80, 1.90
207.85, -3.64
207.90, 4.06
207.95, -9.53
208.00, 8.26
208.05, 2.20
208.10, 5.78
208.15, 10.19
208.20, 9.22
208.25, 10.68
208.30, 9.91
208.35, 8.90
208.40, 7.64
208.45, 5.44
208.50, 3.48
208.55, -0.89
208.60, 9.58
208.65, 8.38
208.70, 1.37
208.75, 6.91
208.80, 8.28
208.85, 8.84
208.90, -5.30
208.95, 4.87
209.00, -22.45
209.05, 1.01
209.10, 8.71
209.15, 5.16
209.20, 6.69
209.25, -2.49
209.30, 3.80
209.35, 3.06
209.40, -1.16
209.45, -0.27
209.50, 1.73
209.55, 10.08
209.60, -2.10
209.65, 10.51
209.70, 2.31
209.75, 9.21
209.80, -0.91
209.85, 6.99
209.90, -3.55
209.95, -3.03
210.00, 4.05
210.05, 1.94
210.10, 4.50
210.15, -3.30
210.20, 1.85
210.25, -3.99
210.30, 7.28
210.35, 8.24
210.40, 4.55
210.45, 6.34
210.50, 6.57
210.55, 1.63
210.60, 2.64
210.65, 2.37
210.70, -12.17
210.75, 3.57
210.80, 6.90
210.85, 6.85
210.90, 5.74
210.95, 4.47
211.00, 2.94
211.05, -2.26
211.10, 5.88
211.15, -0.97
211.20, 0.54
211.25, 2.90
211.30, 3.29
211.35, 6.52
211.40, 5.27
211.45, 2.34
211.50, 8.03
211.55, 8.91
211.60, 2.73
211.65, 6.66
211.70, 7.33
211.75, 1.56
211.80, 6.08
211.85, 2.49
211.90, 9.29
211.95, 10.74
212.00, 4.81
212.05, 10.12
212.10, 3.15
212.15, 4.33
212.20, -1.40
212.25, 9.31
212.30, -2.21
212.35, 9.34
212.40, 2.28
212.45, 8.79
212.50, 5.79
212.55, 6.33
212.60, 6.40
212.65, 2.23
212.70, 3.69
212.75, 6.42
212.80, 7.42
212.85, 5.31
212.90, 7.89
212.95, -1.83
213.00, 6.57
213.05, -1.09
213.10, 7.57
213.15, -1.98
213.20, 2.94
213.25, 5.17
213.30, 6.47
213.35, 0.39
213.40, 14.00
213.45, 11.08
213.50, 12.92
213.55, 8.51
213.60, -3.57
213.65, 6.18
213.70, 8.98
213.75, 2.43
213.80, 3.22
213.85, 6.80
213.90, -1.27
213.95, 1.62
214.00, 6.89
214.05, 6.81
214.10, 8.61
214.15, 11.04
214.20, 9.18
214.25, 7.92
214.30, 8.28
214.35, 6.07
214.40, 3.63
214.45, 2.70
214.50, 9.66
214.55, 9.67
214.60, 5.36
214.65, -0.89
214.70, -2.05
214.75, 7.35
214.80, -27.30
214.85, 3.93
214.90, 0.03
214.95, 2.36
215.00, 4.93
215.05, 0.99
215.10, 2.31
215.15, 4.58
215.20, 1.51
215.25, -3.02
215.30, 5.21
215.35, 11.04
215.40, 2.43
215.45, 10.93
215.50, 8.14
215.55, 2.02
215.60, 6.10
215.65, -3.85
215.70, 6.62
215.75, -0.53
215.80, -2.18
215.85, 2.90
215.90, 8.86
215.95, 1.45
216.00, 9.39
216.05, 5.00
216.10, 6.71
216.15, -1.70
216.20, -3.93
216.25, -0.32
216.30, 3.14
216.35, 8.56
216.40, 4.25
216.45, 6.31
216.50, -10.17
216.55, 13.12
216.60, 0.01
216.65, 6.82
216.70, 2.33
216.75, 4.16
216.80, 7.77
216.85, 7.49
216.90, 1.94
216.95, 2.21
217.00, 4.31
217.05, 5.23
217.10, 13.55
217.15, 13.03
217.20, 3.46
217.25, -0.88
217.30, 6.31
217.35, -5.09
217.40, 6.57
217.45, 7.83
217.50, 8.86
217.55, 2.45
217.60, 1.88
217.65, 0.87
217.70, 2.55
217.75, 7.42
217.80, -15.41
217.85, 8.39
217.90, 7.43
217.95, 2.05
218.00, 6.32
218.05, -0.39
218.10, 11.74
218.15, 3.66
218.20, 4.24
218.25, -5.05
218.30, 10.51
218.35, 9.73
218.40, 8.68
218.45, 9.62
218.50, -6.67
218.55, -6.17
218.60, 11.70
218.65, 0.69
218.70, 3.34
218.75, 4.45
218.80, 10.67
218.85, 5.49
218.90, 11.59
218.95, 8.09
219.00, 7.87
219.05, 10.14
219.10, 11.20
219.15, 10.23
219.20, 5.39
219.25, 5.96
219.30, 1.60
219.35, 2.65
219.40, 1.25
219.45, 7.66
219.50, 6.65
219.55, -0.36
219.60, 3.21
219.65, 10.02
219.70, 8.27
219.75, 8.17
219.80, 3.59
219.85, 6.54
219.90, 2.15
219.95, 6.24
220.00, -8.41
220.05, 2.56
220.10, 8.93
220.15, 4.94
220.20, 3.74
220.25, -9.54
220.30, 4.05
220.35, 7.62
220.40, -5.48
220.45, 4.33
220.50, 3.12
220.55, -15.07
220.60, 6.65
220.65, 0.10
220.70, 3.56
220.75, 6.65
220.80, -2.58
220.85, -0.33
220.90, 9.69
220.95, -0.58
221.00, 3.64
221.05, -9.98
221.10, 5.35
221.15, 2.38
221.20, 16.18
221.25, 0.96
221.30, 10.84
221.35, 1.17
221.40, 9.73
221.45, -5.55
221.50, -0.88
221.55, 10.80
221.60, 9.74
221.65, -1.68
221.70, 9.80
221.75, 5.29
221.80, -3.51
221.85, 9.84
221.90, -0.27
221.95, 6.80
222.00, 9.64
222.05, -1.29
222.10, 8.79
222.15, 4.66
222.20, 12.07
222.25, 12.35
222.30, -4.33
222.35, -5.42
222.40, 7.58
222.45, 0.19
222.50, -0.40
222.55, 6.99
222.60, 8.46
222.65, 7.01
222.70, 3.72
222.75, 5.84
222.80, -8.63
222.85, -8.58
222.90, 4.81
222.95, 7.38
223.00, -4.20
223.05, 5.51
223.10, 6.26
223.15, -0.84
223.20, 10.34
223.25, 5.83
223.30, 4.06
223.35, 3.84
223.40, -4.28
223.45, 2.49
223.50, 10.45
223.55, 3.61
223.60, 6.04
223.65, 7.48
223.70, 10.32
223.75, 6.81
223.80, 5.85
223.85, 7.50
223.90, 2.21
223.95, 11.64
224.00, -0.63
224.05, 12.44
224.10, -8.54
224.15, 6.12
224.20, 5.40
224.25, 7.13
224.30, 6.47
224.35, 0.53
224.40, 4.04
224.45, 1.10
224.50, 7.49
224.55, 8.35
224.60, 8.88
224.65, 11.39
224.70, 0.45
224.75, 6.03
224.80, 1.92
224.85, 7.62
224.90, 2.55
224.95, 4.29
225.00, 9.96
225.05, -2.34
225.10, 11.05
225.15, -0.71
225.20, 10.09
225.25, 3.81
225.30, 8.85
225.35, 4.36
225.40, 7.64
225.45, 11.76
225.50, 1.57
225.55, 6.37
225.60, 5.67
225.65, 12.07
225.70, 5.80
225.75, 9.78
225.80, 6.49
225.85, 9.00
225.90, 4.37
225.95, 4.91
226.00, 0.41
226.05, 9.50
226.10, 12.42
226.15, 3.04
226.20, 6.67
226.25, 9.26
226.30, -0.72
226.35, 12.06
226.40, 0.41
226.45, 9.67
226.50, -3.76
226.55, 9.25
226.60, 9.86
226.65, -4.11
226.70, 5.89
226.75, -1.77
226.80, 3.04
226.85, 7.62
226.90, 1.13
226.95, 4.68
227.00, 5.98
227.05, 2.49
227.10, -0.60
227.15, 13.72
227.20, 7.74
227.25, 5.77
227.30, 3.02
227.35, 6.78
227.40, 10.94
227.45, 11.19
227.50, -5.13
227.55, 7.30
227.60, -0.44
227.65, 10.81
227.70, 10.43
227.75, -6.28
227.80, 8.59
227.85, -2.67
227.90, 11.77
227.95, 3.00
228.00, 9.02
228.05, 7.06
228.10, 12.78
228.15, 10.39
228.20, 11.21
228.25, 4.62
228.30, 2.08
228.35, 4.50
228.40, 8.73
228.45, -1.09
228.50, -8.26
228.55, 9.31
228.60, 11.36
228.65, 10.21
228.70, 8.77
228.75, 3.48
228.80, 7.60
228.85, 5.16
228.90, -5.16
228.95, -14.43
229.00, 5.91
229.05, 7.99
229.10, 10.17
229.15, 11.81
229.20, 2.97
229.25, 7.94
229.30, 0.15
229.35, 6.39
229.40, -11.14
229.45, 3.69
229.50, -1.32
229.55, 0.36
229.60, -6.16
229.65, 9.35
229.70, 12.82
229.75, 10.23
229.80, 3.21
229.85, 5.00
229.90, 3.11
229.95, 8.29
230.00, 4.55
230.05, 6.10
230.10, -6.35
230.15, 3.38
230.20, 9.49
230.25, 10.05
230.30, -4.16
230.35, 6.96
230.40, -3.88
230.45, 6.46
230.50, 9.48
230.55, 10.96
230.60, 8.46
230.65, 8.71
230.70, 9.32
230.75, 8.55
230.80, 2.36
230.85, 10.86
230.90, 5.27
230.95, 10.00
231.00, 4.92
231.05, 5.47
231.10, 1.02
231.15, 13.59
231.20, 6.44
231.25, -3.53
231.30, 8.10
231.35, 11.11
231.40, 7.27
231.45, 8.53
231.50, 2.70
231.55, 4.99
231.60, 5.98
231.65, 11.16
231.70, -2.64
231.75, 2.67
231.80, -1.91
231.85, 4.02
231.90, -1.87
231.95, 1.39
232.00, 8.63
232.05, 11.77
232.10, -1.13
232.15, 4.08
232.20, -4.48
232.25, 7.45
232.30, 9.97
232.35, -3.82
232.40, -0.03
232.45, 12.22
232.50, 10.15
232.55, 7.91
232.60, 6.22
232.65, 10.69
232.70, 3.31
232.75, 3.21
232.80, -2.04
232.85, 9.52
232.90, 7.46
232.95, 2.32
233.00, 1.07
233.05, -10.65
233.10, 0.16
233.15, 5.00
233.20, 9.21
233.25, 4.23
233.30, 8.03
233.35, 2.31
233.40, 11.88
233.45, 4.86
233.50, 2.96
233.55, 9.97
233.60, -3.52
233.65, 5.63
233.70, 8.60
233.75, -2.63
233.80, -9.27
233.85, 4.49
233.90, -4.41
233.95, -17.44
234.00, -1.18
234.05, 0.52
234.10, 7.05
234.15, 8.58
234.20, 12.50
234.25, 4.91
234.30, 10.29
234.35, -8.22
234.40, -4.88
234.45, 9.73
234.50, 6.42
234.55, 5.36
234.60, 6.07
234.65, -5.31
234.70, 9.12
234.75, -1.23
234.80, -5.34
234.85, 8.44
234.90, 11.12
234.95, 7.19
235.00, 10.80
235.05, 3.85
235.10, 2.49
235.15, 3.31
235.20, -6.33
235.25, 12.61
235.30, 6.87
235.35, 6.90
235.40, -9.85
235.45, -1.49
235.50, 6.19
235.55, 8.17
235.60, 1.61
235.65, 2.98
235.70, 3.21
235.75, 1.18
235.80, -3.08
235.85, -6.93
235.90, -6.46
235.95, 4.95
236.00, 6.50
236.05, 11.38
236.10, 3.22
236.15, 2.82
236.20, 1.05
236.25, 4.71
236.30, 6.70
236.35, 8.93
236.40, -9.36
236.45, -6.13
236.50, 0.30
236.55, 7.89
236.60, 4.82
236.65, 4.58
236.70, -1.76
236.75, -10.60
236.80, 9.30
236.85, -2.67
236.90, -0.33
236.95, 6.90
237.00, 10.87
237.05, 0.80
237.10, 7.39
237.15, 0.91
237.20, 8.70
237.25, 8.27
237.30, -1.00
237.35, 6.52
237.40, 0.33
237.45, 4.64
237.50, 7.89
237.55, 10.60
237.60, 3.70
237.65, 7.32
237.70, 10.81
237.75, 9.01
237.80, 4.12
237.85, 7.26
237.90, 2.68
237.95, 0.14
238.00, 3.38
238.05, 9.81
238.10, 7.32
238.15, 3.56
238.20, -4.88
238.25, -2.02
238.30, 3.27
238.35, 6.18
238.40, 4.64
238.45, 1.09
238.50, 2.72
238.55, -5.02
238.60, 0.11
238.65, 6.11
238.70, 7.80
238.75, 2.13
238.80, 1.27
238.85, 8.64
238.90, 1.99
238.95, -0.37
239.00, 10.29
239.05, 5.98
239.10, 3.33
239.15, -3.67
239.20, 2.46
239.25, 5.62
239.30, -0.80
239.35, 8.39
239.40, 1.51
239.45, 5.98
239.50, 4.94
239.55, 8.16
239.60, -2.02
239.65, -1.24
239.70, -1.55
239.75, 3.09
239.80, 6.01
239.85, -9.62
239.90, 4.59
239.95, 11.54
240.00, 10.41
240.05, 3.73
240.10, -10.64
240.15, -1.56
240.20, -0.08
240.25, 0.79
240.30, 7.77
240.35, 0.12
240.40, -1.50
240.45, 3.43
240.50, 8.54
240.55, 2.28
240.60, 4.17
240.65, -3.07
240.70, 8.98
240.75, 4.02
240.80, 1.82
240.85, 1.49
240.90, 3.78
240.95, 5.16
241.00, -0.99
241.05, 5.98
241.10, 6.17
241.15, 4.13
241.20, 9.56
241.25, -9.14
241.30, 10.86
241.35, 9.90
241.40, -6.63
241.45, -0.10
241.50, 7.84
241.55, 7.29
241.60, 6.01
241.65, 8.24
241.70, 8.89
241.75, 3.83
241.80, 2.98
241.85, 1.20
241.90, 12.69
241.95, 5.07
242.00, 1.78
242.05, -0.10
242.10, 0.87
242.15, -13.68
242.20, -1.56
242.25, 7.19
242.30, 1.25
242.35, -1.39
242.40, 6.41
242.45, 7.98
242.50, 5.74
242.55, 4.35
242.60, -5.85
242.65, 6.81
242.70, 3.00
242.75, -1.63
242.80, -0.92
242.85, -8.04
242.90, 4.51
242.95, 12.18
243.00, 4.01
243.05, -1.43
243.10, 4.60
243.15, 11.27
243.20, 7.71
243.25, 5.76
243.30, 8.33
243.35, 6.74
243.40, -0.09
243.45, 9.09
243.50, 11.30
243.55, -22.46
243.60, 1.12
243.65, 3.42
243.70, 9.65
243.75, 2.29
243.80, 3.04
243.85, 8.30
243.90, -2.06
243.95, -9.00
244.00, 7.42
244.05, 4.22
244.10, 0.40
244.15, -0.73
244.20, 2.17
244.25, 3.80
244.30, 5.07
244.35, 2.78
244.40, -0.18
244.45, 3.98
244.50, -2.90
244.55, -0.13
244.60, -0.15
244.65, -6.35
244.70, 8.52
244.75, 5.31
244.80, 1.78
244.85, 11.36
244.90, 3.10
244.95, 6.75
245.00, 6.46
245.05, 7.03
245.10, -3.10
245.15, 8.47
245.20, 7.99
245.25, 5.35
245.30, 1.50
245.35, 0.25
245.40, 9.65
245.45, 0.55
245.50, 2.56
245.55, 7.09
245.60, 3.27
245.65, 5.30
245.70, 2.04
245.75, 4.79
245.80, 4.48
245.85, 1.08
245.90, 5.65
245.95, -5.48
246.00, 2.23
246.05, 8.59
246.10, -1.15
246.15, 8.04
246.20, -1.45
246.25, 7.54
246.30, 3.42
246.35, 12.44
246.40, 1.71
246.45, 3.84
246.50, 4.88
246.55, 8.09
246.60, -0.91
246.65, 1.68
246.70, 7.08
246.75, -0.57
246.80, 8.91
246.85, 8.32
246.90, 3.11
246.95, 8.65
247.00, -0.28
247.05, 8.67
247.10, 4.28
247.15, 3.79
247.20, 3.68
247.25, 6.99
247.30, -0.86
247.35, 4.84
247.40, 6.10
247.45, -0.34
247.50, 4.46
247.55, 9.48
247.60, -2.76
247.65, 0.09
247.70, 0.98
247.75, 8.04
247.80, 10.49
247.85, -3.01
247.90, 3.87
247.95, 0.73
248.00, -8.76
248.05, 8.15
248.10, 3.22
248.15, 2.61
248.20, 3.46
248.25, -3.84
248.30, 2.81
248.35, 7.81
248.40, -0.51
248.45, 4.84
248.50, -7.46
248.55, 9.90
248.60, 0.92
248.65, 2.58
248.70, 9.50
248.75, 9.71
248.80, 6.47
248.85, 8.80
248.90, -7.68
248.95, 11.82
249.00, 4.30
249.05, 8.84
249.10, -0.71
249.15, 3.59
249.20, -10.05
249.25, 6.17
249.30, 8.99
249.35, -0.06
249.40, 5.88
249.45, -4.83
249.50, 11.09
249.55, 6.09
249.60, 5.76
249.65, 4.08
249.70, 1.87
249.75, 9.83
249.80, 4.55
249.85, -10.93
249.90, -6.34
249.95, -4.54
